.VERSION 1.0 0
.HIERARCHY CHARACTER
.COORD X Y T
.SEGMENT CHARACTER
.X_POINTS_PER_INCH 2500
.Y_POINTS_PER_INCH 2500
.POINTS_PER_SECOND 1200

.WRITER_ID 5
.AGE 29
.SEX MALE
.HAND RIGHT
.SKILL GOOD
.STYLE NORMAL
.COUNTRY  

.WRITER_INFO
 WriterName:PANDRY
 WriterTrailNo:1
 WriterProfession:SOFTWARE

 WritingSetup:TABLETPC

 WritingFrequency:Rarely
 WritingInProfession:No
 WritingFile:dcpath
.PEN_DOWN
4271 228 2513
4260 226 0
4251 221 0
4237 221 0
4225 218 0
4210 221 0
4196 223 0
4177 230 0
4161 236 0
4143 245 0
4126 254 0
4108 264 0
4091 276 0
4074 287 0
4056 301 0
4041 315 0
4023 336 0
3966 381 0
3943 416 0
3920 455 0
3905 495 0
3888 533 0
3878 569 0
3868 606 0
3864 638 0
3859 670 0
3854 699 0
3853 727 0
3854 755 0
3855 783 0
3858 811 0
3863 842 0
3866 871 0
3871 902 0
3877 934 0
3886 966 0
3894 995 0
3905 1027 0
3920 1055 0
3938 1081 0
3957 1104 0
3981 1123 0
4008 1141 0
4036 1153 0
4065 1166 0
4094 1176 0
4124 1186 0
4154 1193 0
4182 1199 0
4210 1202 0
4236 1204 0
4265 1203 0
4290 1197 0
4316 1189 0
4345 1178 0
4372 1162 0
4397 1143 0
4420 1121 0
4442 1101 0
4462 1077 0
4480 1054 0
4498 1027 0
4506 1000 0
4517 975 0
4528 949 0
4542 924 0
4552 894 0
4561 861 0
4571 833 0
4580 800 0
4589 772 0
4597 741 0
4602 713 0
4606 686 0
4607 662 0
4606 637 0
4604 611 0
4604 611 0
4602 600 0
4601 586 0
4595 573 0
4593 556 0
4589 542 0
4585 527 0
4580 513 0
4571 499 0
4566 485 0
4559 471 0
4550 462 0
4538 449 0
4527 440 0
4517 431 0
4503 424 0
4491 415 0
4478 408 0
4466 401 0
4453 397 0
4440 393 0
4428 390 0
4416 387 0
4403 385 0
4393 383 0
4382 380 0
4372 379 0
4363 376 0
4353 375 0
4346 373 0
4337 369 0
4331 367 0
4322 364 0
4316 360 0
4308 358 0
4300 356 0
4295 355 0
4289 355 0
4283 355 0
4276 355 0
4270 355 0
4265 356 0
4258 357 0
4253 357 0
4248 360 0
4242 362 0
4238 367 0
4232 370 0
4227 374 0
4222 379 0
4217 387 0
4213 393 0
4206 401 0
4204 404 0
4200 412 0
4197 417 0
4195 424 0
4194 429 0
4191 434 0
4190 438 0
4189 443 0
4191 445 0
4190 452 0
4189 459 0
4183 462 3465
.PEN_UP
