.VERSION 1.0 0
.HIERARCHY CHARACTER
.COORD X Y T
.SEGMENT CHARACTER
.X_POINTS_PER_INCH 2500
.Y_POINTS_PER_INCH 2500
.POINTS_PER_SECOND 1200

.WRITER_ID 5
.AGE 29
.SEX MALE
.HAND RIGHT
.SKILL GOOD
.STYLE NORMAL
.COUNTRY  

.WRITER_INFO
 WriterName:PANDRY
 WriterTrailNo:1
 WriterProfession:SOFTWARE

 WritingSetup:TABLETPC

 WritingFrequency:Rarely
 WritingInProfession:No
 WritingFile:dcpath
.PEN_DOWN
3858 399 2513
3850 396 0
3843 395 0
3834 398 0
3826 403 0
3813 413 0
3803 425 0
3791 444 0
3778 463 0
3760 486 0
3746 514 0
3732 539 0
3719 567 0
3707 594 0
3700 618 0
3696 639 0
3696 655 0
3700 669 0
3710 677 0
3723 682 0
3746 680 0
3771 674 0
3805 667 0
3845 659 0
3891 648 0
3943 641 0
3998 631 0
4058 625 0
4120 621 0
4182 622 0
4238 629 0
4292 641 0
4344 662 0
4388 691 0
4424 728 0
4453 770 0
4473 820 0
4485 871 0
4485 924 0
4475 979 0
4454 1035 0
4424 1090 0
4387 1138 0
4337 1186 0
4276 1228 0
4209 1266 0
4136 1297 0
4064 1322 0
3989 1339 0
3915 1350 0
3847 1355 0
3787 1350 0
3736 1344 0
3694 1332 0
3663 1318 0
3638 1302 0
3619 1286 0
3611 1261 0
3602 1244 0
3605 1223 0
3609 1212 0
3614 1197 0
3623 1184 31886
.PEN_UP
.PEN_DOWN
3783 325 2513
3789 324 0
3793 324 0
3805 320 0
3813 321 0
3833 316 0
3849 315 0
3882 307 0
3919 302 0
3971 288 0
4031 278 0
4103 260 0
4177 244 0
4260 226 0
4345 207 0
4429 193 0
4519 175 0
4590 167 0
4645 162 0
4686 156 32797
.PEN_UP
