.VERSION 1.0 0
.HIERARCHY CHARACTER
.COORD X Y T
.SEGMENT CHARACTER
.X_POINTS_PER_INCH 2500
.Y_POINTS_PER_INCH 2500
.POINTS_PER_SECOND 1200

.WRITER_ID 5
.AGE 29
.SEX MALE
.HAND RIGHT
.SKILL GOOD
.STYLE NORMAL
.COUNTRY  

.WRITER_INFO
 WriterName:PANDRY
 WriterTrailNo:1
 WriterProfession:SOFTWARE

 WritingSetup:TABLETPC

 WritingFrequency:Rarely
 WritingInProfession:No
 WritingFile:dcpath
.PEN_DOWN
3513 440 2513
3512 434 0
3511 425 0
3507 411 0
3504 395 0
3498 379 0
3488 357 0
3473 336 0
3454 311 0
3427 290 0
3394 268 0
3349 250 0
3300 235 0
3243 226 0
3181 221 0
3119 225 0
3058 230 0
2995 246 0
2937 263 0
2883 284 0
2837 307 0
2795 337 0
2768 364 0
2744 393 0
2734 424 0
2735 452 0
2753 482 0
2789 510 0
2837 538 0
2902 559 0
2978 573 0
3067 578 0
3162 572 0
3255 566 0
3344 546 0
3426 522 0
3493 496 0
3548 467 0
3587 440 0
3613 421 0
3628 402 0
3633 388 0
3633 380 0
3629 378 0
3621 378 0
3611 381 0
3602 389 0
3586 403 0
3572 427 0
3554 462 0
3535 504 0
3513 563 0
3496 638 0
3469 726 0
3447 820 0
3424 921 0
3403 1021 0
3382 1111 0
3366 1194 0
3351 1264 0
3342 1318 0
3335 1354 0
3330 1375 0
3332 1384 0
3325 1384 0
3325 1384 0
3320 1377 0
3307 1369 41860
.PEN_UP
