.VERSION 1.0 0
.HIERARCHY CHARACTER
.COORD X Y T
.SEGMENT CHARACTER
.X_POINTS_PER_INCH 2500
.Y_POINTS_PER_INCH 2500
.POINTS_PER_SECOND 1200

.WRITER_ID 5
.AGE 29
.SEX MALE
.HAND RIGHT
.SKILL GOOD
.STYLE NORMAL
.COUNTRY  

.WRITER_INFO
 WriterName:PANDRY
 WriterTrailNo:1
 WriterProfession:SOFTWARE

 WritingSetup:TABLETPC

 WritingFrequency:Rarely
 WritingInProfession:No
 WritingFile:dcpath
.PEN_DOWN
3461 228 2513
3449 223 0
3438 217 0
3428 214 0
3421 208 0
3412 205 0
3405 203 0
3401 200 0
3399 198 0
3400 198 0
3405 198 0
3417 195 0
3429 195 0
3451 193 0
3474 193 0
3504 188 0
3536 184 0
3576 180 0
3614 176 0
3654 170 0
3695 166 0
3738 161 0
3779 156 0
3820 148 0
3859 142 0
3896 133 0
3929 125 0
3955 119 0
3976 112 0
3991 106 0
4000 103 0
4004 102 0
4002 103 0
3997 112 0
3988 125 0
3977 144 0
3981 177 0
3953 255 0
3925 352 0
3897 469 0
3878 602 0
3858 741 0
3845 880 0
3831 1010 0
3819 1115 0
3806 1206 0
3792 1280 0
3778 1340 0
3760 1387 0
3746 1424 0
3730 1453 0
3716 1472 0
3702 1481 0
3686 1489 0
3677 1485 0
3670 1477 0
3663 1465 38034
.PEN_UP
