.VERSION 1.0 0
.HIERARCHY CHARACTER
.COORD X Y T
.SEGMENT CHARACTER
.X_POINTS_PER_INCH 2500
.Y_POINTS_PER_INCH 2500
.POINTS_PER_SECOND 1200

.WRITER_ID 5
.AGE 29
.SEX MALE
.HAND RIGHT
.SKILL GOOD
.STYLE NORMAL
.COUNTRY  

.WRITER_INFO
 WriterName:PANDRY
 WriterTrailNo:1
 WriterProfession:SOFTWARE

 WritingSetup:TABLETPC

 WritingFrequency:Rarely
 WritingInProfession:No
 WritingFile:dcpath
.PEN_DOWN
3761 279 2513
3763 273 0
3766 273 0
3773 269 0
3779 269 0
3789 260 0
3802 259 0
3819 251 0
3839 249 0
3867 240 0
3899 235 0
3941 227 0
3984 222 0
4036 222 0
4091 221 0
4149 219 0
4204 222 0
4256 226 0
4303 232 0
4346 244 0
4383 263 0
4414 286 0
4435 311 0
4451 347 0
4459 385 0
4462 425 0
4457 475 0
4444 522 0
4428 569 0
4406 615 0
4375 660 0
4340 703 0
4298 744 0
4255 777 0
4208 810 0
4159 834 0
4110 856 0
4065 875 0
4023 888 0
3989 897 0
3961 902 0
3939 902 0
3927 902 0
3924 897 0
3928 888 0
3941 876 0
3962 865 0
3993 850 0
4028 833 0
4073 815 0
4122 799 0
4175 782 0
4227 772 0
4280 763 0
4332 759 0
4381 762 0
4428 771 0
4470 785 0
4508 808 0
4545 836 0
4579 869 0
4607 910 0
4631 956 0
4648 1003 0
4659 1058 0
4663 1110 0
4658 1166 0
4644 1223 0
4621 1281 0
4592 1334 0
4552 1387 0
4509 1436 0
4459 1482 0
4402 1518 0
4337 1554 0
4264 1579 0
4183 1597 0
4098 1610 0
4013 1616 0
3923 1620 0
3833 1621 0
3745 1624 0
3663 1621 0
3588 1616 0
3520 1610 0
3456 1606 0
3405 1591 0
3353 1581 0
3307 1564 0
3264 1546 26868
.PEN_UP
