.VERSION 1.0 0
.HIERARCHY CHARACTER
.COORD X Y T
.SEGMENT CHARACTER
.X_POINTS_PER_INCH 2500
.Y_POINTS_PER_INCH 2500
.POINTS_PER_SECOND 1200

.WRITER_ID 5
.AGE 29
.SEX MALE
.HAND RIGHT
.SKILL GOOD
.STYLE NORMAL
.COUNTRY  

.WRITER_INFO
 WriterName:PANDRY
 WriterTrailNo:0
 WriterProfession:SOFTWARE

 WritingSetup:TABLETPC

 WritingFrequency:Rarely
 WritingInProfession:No
 WritingFile:dcpath
.PEN_DOWN
4040 214 17184
4035 205 0
4026 191 0
4013 181 0
3995 171 0
3975 161 0
3950 152 0
3927 142 0
3895 135 0
3866 128 0
3830 128 0
3796 126 0
3759 126 0
3723 129 0
3688 135 0
3651 142 0
3619 154 0
3589 166 0
3563 181 0
3540 196 0
3521 217 0
3505 236 0
3493 259 0
3487 282 0
3482 306 0
3483 330 0
3489 353 0
3502 377 0
3519 403 0
3539 426 0
3563 450 0
3595 478 0
3632 506 0
3674 537 0
3718 569 0
3769 605 0
3823 644 0
3881 684 0
3933 728 0
3982 769 0
4023 812 0
4057 857 0
4077 902 0
4087 942 0
4085 985 0
4067 1027 0
4039 1066 0
4001 1103 0
3952 1136 0
3894 1163 0
3829 1185 0
3760 1204 0
3686 1214 0
3611 1218 0
3536 1214 0
3466 1201 0
3402 1182 0
3352 1155 0
3314 1120 0
3292 1078 0
3285 1033 0
3296 981 0
3319 928 0
3356 872 0
3399 816 0
3447 758 0
3494 700 0
3544 636 0
3595 574 0
3648 511 0
3703 450 0
3760 389 0
3817 337 0
3876 286 0
3932 241 0
3983 208 0
4025 185 0
4059 170 0
4085 162 0
4093 171 0
4098 185 0
4095 203 0
4079 230 43612
.PEN_UP
