.VERSION 1.0 0
.HIERARCHY CHARACTER
.COORD X Y T
.SEGMENT CHARACTER
.X_POINTS_PER_INCH 2500
.Y_POINTS_PER_INCH 2500
.POINTS_PER_SECOND 1200

.WRITER_ID 5
.AGE 29
.SEX MALE
.HAND RIGHT
.SKILL GOOD
.STYLE NORMAL
.COUNTRY  

.WRITER_INFO
 WriterName:PANDRY
 WriterTrailNo:0
 WriterProfession:SOFTWARE

 WritingSetup:TABLETPC

 WritingFrequency:Rarely
 WritingInProfession:No
 WritingFile:dcpath
.PEN_DOWN
4006 305 17184
4001 289 0
3994 274 0
3984 256 0
3970 238 0
3952 223 0
3931 204 0
3905 187 0
3877 171 0
3842 158 0
3809 145 0
3770 136 0
3736 125 0
3699 120 0
3660 114 0
3624 114 0
3589 116 0
3554 122 0
3519 129 0
3483 143 0
3450 156 0
3418 173 0
3391 194 0
3363 219 0
3343 244 0
3327 274 0
3318 302 0
3314 335 0
3315 369 0
3323 404 0
3333 441 0
3351 477 0
3375 511 0
3403 542 0
3440 570 0
3477 590 0
3521 603 0
3567 611 0
3623 608 0
3679 598 0
3735 580 0
3791 561 0
3843 538 0
3890 514 0
3933 491 0
3968 469 0
3995 449 0
4013 434 0
4029 418 0
4034 407 0
4039 394 0
4039 385 0
4037 380 0
4031 377 0
4020 380 0
4004 389 0
3988 402 0
3964 421 0
3938 449 0
3909 487 0
3879 529 0
3844 583 0
3810 644 0
3773 715 0
3736 795 0
3703 879 0
3672 964 0
3639 1047 0
3613 1124 0
3589 1192 0
3568 1254 0
3552 1302 0
3538 1342 0
3525 1371 0
3515 1391 0
3507 1407 0
3501 1419 0
3500 1432 0
3493 1445 0
3483 1455 0
3468 1462 45916
.PEN_UP
