.VERSION 1.0 0
.HIERARCHY CHARACTER
.COORD X Y T
.SEGMENT CHARACTER
.X_POINTS_PER_INCH 2500
.Y_POINTS_PER_INCH 2500
.POINTS_PER_SECOND 1200

.WRITER_ID 5
.AGE 29
.SEX MALE
.HAND RIGHT
.SKILL GOOD
.STYLE NORMAL
.COUNTRY  

.WRITER_INFO
 WriterName:PANDRY
 WriterTrailNo:0
 WriterProfession:SOFTWARE

 WritingSetup:TABLETPC

 WritingFrequency:Rarely
 WritingInProfession:No
 WritingFile:dcpath
.PEN_DOWN
3230 275 17184
3216 273 0
3206 272 0
3193 268 0
3183 265 0
3171 263 0
3165 260 0
3160 259 0
3159 259 0
3164 258 0
3170 259 0
3187 258 0
3203 258 0
3231 255 0
3259 255 0
3294 253 0
3330 250 0
3375 246 0
3418 242 0
3466 237 0
3514 232 0
3562 226 0
3608 221 0
3655 214 0
3697 209 0
3734 202 0
3768 195 0
3795 191 0
3816 184 0
3833 181 0
3844 177 0
3852 176 0
3854 175 0
3852 179 0
3845 184 0
3838 193 0
3829 209 0
3807 254 0
3781 311 0
3754 384 0
3730 474 0
3704 574 0
3684 680 0
3665 791 0
3650 891 0
3638 992 0
3628 1083 0
3619 1163 0
3615 1235 0
3609 1293 0
3606 1340 0
3601 1375 0
3600 1402 0
3596 1417 0
3591 1427 0
3590 1430 0
3586 1428 0
3583 1423 0
3582 1413 0
3575 1409 0
3573 1404 0
3576 1396 0
3577 1388 40608
.PEN_UP
