.VERSION 1.0 0
.HIERARCHY CHARACTER
.COORD X Y T
.SEGMENT CHARACTER
.X_POINTS_PER_INCH 2500
.Y_POINTS_PER_INCH 2500
.POINTS_PER_SECOND 1200

.WRITER_ID 5
.AGE 29
.SEX MALE
.HAND RIGHT
.SKILL GOOD
.STYLE NORMAL
.COUNTRY  

.WRITER_INFO
 WriterName:PANDRY
 WriterTrailNo:1
 WriterProfession:SOFTWARE

 WritingSetup:TABLETPC

 WritingFrequency:Rarely
 WritingInProfession:No
 WritingFile:dcpath
.PEN_DOWN
4093 314 2513
4091 309 0
4087 307 0
4075 311 0
4063 318 0
4044 332 0
4022 346 0
3993 371 0
3963 399 0
3924 436 0
3888 475 0
3845 522 0
3806 569 0
3760 620 0
3714 672 0
3665 723 0
3618 776 0
3569 825 0
3522 871 0
3479 911 0
3441 943 0
3408 971 0
3386 987 0
3372 999 0
3371 1000 0
3379 998 0
3400 987 0
3421 976 0
3460 962 0
3508 949 0
3568 939 0
3639 930 0
3723 924 0
3815 919 0
3916 916 0
4033 917 0
4145 919 0
4266 920 0
4395 921 0
4520 925 0
4644 926 0
4759 930 0
4864 933 0
4952 941 0
5027 947 0
5099 953 0
5152 966 0
5197 971 0
5226 980 0
5245 991 0
5257 999 29072
.PEN_UP
.PEN_DOWN
4041 439 2513
4051 449 0
4063 469 0
4080 491 0
4096 527 0
4119 561 0
4138 609 0
4162 658 0
4180 720 0
4200 782 0
4215 857 0
4231 934 0
4243 1017 0
4257 1096 0
4267 1175 0
4276 1250 0
4289 1315 0
4295 1377 0
4297 1429 0
4299 1463 29733
.PEN_UP
