.VERSION 1.0 0
.HIERARCHY CHARACTER
.COORD X Y T
.SEGMENT CHARACTER
.X_POINTS_PER_INCH 2500
.Y_POINTS_PER_INCH 2500
.POINTS_PER_SECOND 1200

.WRITER_ID 5
.AGE 29
.SEX MALE
.HAND RIGHT
.SKILL GOOD
.STYLE NORMAL
.COUNTRY  

.WRITER_INFO
 WriterName:PANDRY
 WriterTrailNo:0
 WriterProfession:SOFTWARE

 WritingSetup:TABLETPC

 WritingFrequency:Rarely
 WritingInProfession:No
 WritingFile:dcpath
.PEN_DOWN
3522 423 17184
3512 425 0
3503 427 0
3492 429 0
3486 431 0
3479 431 0
3472 435 0
3470 431 0
3466 432 0
3474 426 0
3478 423 0
3506 414 0
3538 406 0
3590 392 0
3652 379 0
3732 362 0
3823 347 0
3927 333 0
4043 320 0
4149 311 0
4254 309 0
4354 311 0
4443 321 0
4519 339 0
4582 365 0
4625 400 0
4653 445 0
4663 497 0
4658 557 0
4634 620 0
4594 684 0
4545 746 0
4486 805 0
4416 861 0
4340 909 0
4256 946 0
4171 977 0
4091 1008 0
4013 1024 0
3942 1034 0
3876 1044 0
3826 1046 0
3787 1043 0
3768 1036 0
3763 1027 0
3772 1005 0
3798 987 0
3838 967 0
3890 941 0
3956 916 0
4027 891 0
4105 872 0
4185 857 0
4269 852 0
4350 854 0
4429 867 0
4504 890 0
4570 923 0
4629 965 0
4680 1016 0
4717 1073 0
4738 1135 0
4743 1201 0
4725 1271 0
4691 1343 0
4639 1412 0
4572 1478 0
4486 1541 0
4388 1598 0
4279 1648 0
4166 1690 0
4054 1719 0
3938 1741 0
3830 1752 0
3730 1755 0
3631 1755 0
3543 1747 0
3460 1733 0
3371 1717 27469
.PEN_UP
