.VERSION 1.0 0
.HIERARCHY CHARACTER
.COORD X Y T
.SEGMENT CHARACTER
.X_POINTS_PER_INCH 2500
.Y_POINTS_PER_INCH 2500
.POINTS_PER_SECOND 1200

.WRITER_ID 5
.AGE 29
.SEX MALE
.HAND RIGHT
.SKILL GOOD
.STYLE NORMAL
.COUNTRY  

.WRITER_INFO
 WriterName:PANDRY
 WriterTrailNo:0
 WriterProfession:SOFTWARE

 WritingSetup:TABLETPC

 WritingFrequency:Rarely
 WritingInProfession:No
 WritingFile:dcpath
.PEN_DOWN
4704 213 17184
4681 200 0
4655 191 0
4630 181 0
4597 176 0
4566 165 0
4528 162 0
4491 154 0
4453 153 0
4414 149 0
4374 152 0
4336 152 0
4296 158 0
4255 165 0
4210 179 0
4166 194 0
4118 216 0
4072 244 0
4022 278 0
3975 320 0
3928 369 0
3887 421 0
3848 480 0
3815 538 0
3784 602 0
3762 664 0
3741 728 0
3728 792 0
3720 858 0
3718 923 0
3722 995 0
3734 1062 0
3754 1131 0
3782 1196 0
3821 1257 0
3872 1310 0
3933 1356 0
4001 1390 0
4074 1414 0
4151 1426 0
4229 1430 0
4310 1422 0
4383 1407 0
4451 1384 0
4509 1356 0
4559 1320 0
4594 1282 0
4622 1241 0
4635 1201 0
4636 1162 0
4620 1129 0
4591 1101 0
4550 1076 0
4499 1057 0
4442 1044 0
4381 1037 0
4311 1034 0
4235 1034 0
4154 1039 0
4073 1048 0
3994 1060 0
3915 1074 0
3838 1090 0
3760 1111 0
3689 1131 0
3627 1153 0
3573 1176 0
3526 1195 0
3488 1213 0
3459 1231 0
3444 1242 0
3439 1255 0
3441 1264 0
3450 1261 37473
.PEN_UP
