.VERSION 1.0 0
.HIERARCHY CHARACTER
.COORD X Y T
.SEGMENT CHARACTER
.X_POINTS_PER_INCH 2500
.Y_POINTS_PER_INCH 2500
.POINTS_PER_SECOND 1200

.WRITER_ID 5
.AGE 29
.SEX MALE
.HAND RIGHT
.SKILL GOOD
.STYLE NORMAL
.COUNTRY  

.WRITER_INFO
 WriterName:PANDRY
 WriterTrailNo:1
 WriterProfession:SOFTWARE

 WritingSetup:TABLETPC

 WritingFrequency:Rarely
 WritingInProfession:No
 WritingFile:dcpath
.PEN_DOWN
4281 410 2513
4264 413 0
4242 417 0
4223 417 0
4200 418 0
4180 417 0
4157 417 0
4139 411 0
4121 407 0
4110 397 0
4100 385 0
4097 370 0
4096 352 0
4106 332 0
4116 310 0
4135 287 0
4155 269 0
4185 251 0
4217 237 0
4251 227 0
4292 221 0
4331 222 0
4370 227 0
4412 241 0
4449 262 0
4487 290 0
4523 327 0
4552 370 0
4571 422 0
4587 478 0
4594 541 0
4592 603 0
4578 670 0
4557 735 0
4526 800 0
4490 866 0
4447 929 0
4398 990 0
4340 1049 0
4275 1100 0
4201 1147 0
4128 1185 0
4051 1217 0
3974 1239 0
3897 1250 0
3827 1253 0
3765 1245 0
3710 1229 0
3663 1207 0
3628 1180 0
3599 1147 0
3577 1111 0
3560 1074 0
3550 1037 0
3543 1001 0
3558 968 0
3581 935 0
3610 906 0
3648 880 0
3690 859 0
3742 845 0
3799 834 0
3867 834 0
3924 842 0
3981 860 0
4039 890 0
4093 931 0
4149 981 0
4204 1037 0
4256 1098 0
4309 1161 0
4370 1220 0
4435 1274 0
4509 1315 0
4585 1351 0
4664 1375 0
4744 1394 0
4822 1403 0
4899 1405 0
4967 1405 0
5020 1407 0
5062 1406 24024
.PEN_UP
