.VERSION 1.0 0
.HIERARCHY CHARACTER
.COORD X Y T
.SEGMENT CHARACTER
.X_POINTS_PER_INCH 2500
.Y_POINTS_PER_INCH 2500
.POINTS_PER_SECOND 1200

.WRITER_ID 5
.AGE 29
.SEX MALE
.HAND RIGHT
.SKILL GOOD
.STYLE NORMAL
.COUNTRY  

.WRITER_INFO
 WriterName:PANDRY
 WriterTrailNo:1
 WriterProfession:SOFTWARE

 WritingSetup:TABLETPC

 WritingFrequency:Rarely
 WritingInProfession:No
 WritingFile:dcpath
.PEN_DOWN
4320 267 2513
4307 256 0
4294 247 0
4275 240 0
4256 233 0
4233 228 0
4209 227 0
4176 230 0
4142 235 0
4102 245 0
4059 258 0
4016 278 0
3971 304 0
3924 337 0
3882 375 0
3839 421 0
3802 471 0
3766 526 0
3737 583 0
3707 644 0
3685 708 0
3665 774 0
3652 842 0
3643 915 0
3643 989 0
3649 1063 0
3663 1135 0
3686 1202 0
3717 1260 0
3763 1310 0
3815 1347 0
3880 1371 0
3948 1383 0
4021 1378 0
4092 1365 0
4163 1341 0
4224 1311 0
4271 1273 0
4308 1229 0
4328 1179 0
4335 1129 0
4330 1082 0
4312 1035 0
4281 993 0
4239 957 0
4186 934 0
4119 916 0
4044 910 0
3965 912 0
3880 929 0
3796 953 0
3709 984 0
3627 1022 0
3554 1058 0
3493 1101 0
3441 1143 0
3408 1178 35080
.PEN_UP
