.VERSION 1.0 0
.HIERARCHY CHARACTER
.COORD X Y T
.SEGMENT CHARACTER
.X_POINTS_PER_INCH 2500
.Y_POINTS_PER_INCH 2500
.POINTS_PER_SECOND 1200

.WRITER_ID 5
.AGE 29
.SEX MALE
.HAND RIGHT
.SKILL GOOD
.STYLE NORMAL
.COUNTRY  

.WRITER_INFO
 WriterName:PANDRY
 WriterTrailNo:0
 WriterProfession:SOFTWARE

 WritingSetup:TABLETPC

 WritingFrequency:Rarely
 WritingInProfession:No
 WritingFile:dcpath
.PEN_DOWN
4110 436 17184
4115 427 0
4116 423 0
4118 423 0
4114 427 0
4107 434 0
4092 449 0
4078 463 0
4053 486 0
4029 510 0
3993 541 0
3960 569 0
3914 601 0
3870 641 0
3819 684 0
3764 727 0
3707 774 0
3650 820 0
3590 866 0
3534 914 0
3478 960 0
3428 993 0
3381 1022 0
3348 1044 0
3318 1061 0
3296 1069 0
3285 1074 0
3280 1073 0
3286 1069 0
3301 1064 0
3327 1057 0
3358 1050 0
3391 1041 0
3441 1034 0
3498 1029 0
3566 1024 0
3639 1022 0
3725 1023 0
3814 1027 0
3910 1033 0
4020 1039 0
4119 1051 0
4219 1065 0
4318 1078 0
4418 1092 0
4509 1107 0
4594 1124 0
4669 1140 0
4733 1158 0
4789 1175 0
4835 1191 0
4861 1213 0
4872 1233 0
4863 1251 30624
.PEN_UP
.PEN_DOWN
3936 533 17184
3943 543 0
3955 553 0
3970 566 0
3985 588 0
4004 610 0
4013 643 0
4029 677 0
4030 724 0
4034 773 0
4030 837 0
4031 902 0
4026 978 0
4025 1052 0
4023 1127 0
4025 1199 0
4030 1266 0
4034 1330 0
4032 1381 0
4022 1430 0
4007 1468 31194
.PEN_UP
