.VERSION 1.0 0
.HIERARCHY CHARACTER
.COORD X Y T
.SEGMENT CHARACTER
.X_POINTS_PER_INCH 2500
.Y_POINTS_PER_INCH 2500
.POINTS_PER_SECOND 1200

.WRITER_ID 5
.AGE 29
.SEX MALE
.HAND RIGHT
.SKILL GOOD
.STYLE NORMAL
.COUNTRY  

.WRITER_INFO
 WriterName:PANDRY
 WriterTrailNo:0
 WriterProfession:SOFTWARE

 WritingSetup:TABLETPC

 WritingFrequency:Rarely
 WritingInProfession:No
 WritingFile:dcpath
.PEN_DOWN
3737 573 17184
3740 568 0
3740 568 0
3737 571 0
3731 582 0
3722 596 0
3708 615 0
3692 639 0
3667 668 0
3637 700 0
3610 735 0
3582 772 0
3556 806 0
3529 840 0
3507 872 0
3487 902 0
3480 923 0
3480 940 0
3484 949 0
3498 954 0
3524 951 0
3556 942 0
3597 930 0
3646 916 0
3702 900 0
3767 884 0
3839 870 0
3913 858 0
3988 851 0
4065 848 0
4140 854 0
4212 866 0
4283 884 0
4344 909 0
4397 944 0
4439 985 0
4467 1030 0
4483 1083 0
4484 1135 0
4469 1190 0
4442 1245 0
4396 1300 0
4338 1351 0
4264 1399 0
4184 1440 0
4098 1473 0
4015 1496 0
3934 1513 0
3858 1518 0
3793 1514 0
3744 1501 0
3706 1484 0
3679 1464 0
3661 1440 0
3655 1413 0
3653 1393 33808
.PEN_UP
.PEN_DOWN
3680 608 17184
3699 608 0
3722 605 0
3739 606 0
3767 598 0
3793 597 0
3837 589 0
3880 587 0
3937 580 0
3997 574 0
4064 568 0
4130 564 0
4194 564 0
4255 561 0
4299 568 0
4331 576 0
4349 579 34419
.PEN_UP
