.VERSION 1.0 0
.HIERARCHY CHARACTER
.COORD X Y T
.SEGMENT CHARACTER
.X_POINTS_PER_INCH 2500
.Y_POINTS_PER_INCH 2500
.POINTS_PER_SECOND 1200

.WRITER_ID 5
.AGE 29
.SEX MALE
.HAND RIGHT
.SKILL GOOD
.STYLE NORMAL
.COUNTRY  

.WRITER_INFO
 WriterName:PANDRY
 WriterTrailNo:0
 WriterProfession:SOFTWARE

 WritingSetup:TABLETPC

 WritingFrequency:Rarely
 WritingInProfession:No
 WritingFile:dcpath
.PEN_DOWN
3776 187 17184
3776 185 0
3778 177 0
3776 175 0
3777 171 0
3776 168 0
3774 166 0
3773 168 0
3773 168 0
3770 171 0
3769 171 0
3767 176 0
3767 180 0
3765 185 0
3765 190 0
3764 199 0
3764 205 0
3763 216 0
3763 224 0
3760 235 0
3760 245 0
3758 260 0
3756 272 0
3754 284 0
3754 298 0
3753 312 0
3753 328 0
3751 343 0
3753 358 0
3753 375 0
3753 393 0
3753 412 0
3754 431 0
3754 453 0
3756 476 0
3759 500 0
3760 528 0
3760 559 0
3763 589 0
3764 622 0
3765 658 0
3765 696 0
3767 732 0
3768 770 0
3770 807 0
3773 843 0
3777 877 0
3779 908 0
3783 936 0
3787 967 0
3792 997 0
3797 1030 0
3805 1062 0
3811 1098 0
3820 1132 0
3826 1173 0
3834 1219 0
3843 1261 0
3852 1303 0
3862 1345 0
3870 1385 0
3877 1421 0
3886 1455 0
3894 1486 0
3903 1513 0
3910 1533 0
3917 1552 0
3920 1566 0
3926 1580 0
3927 1589 0
3928 1597 0
3928 1602 0
3929 1606 0
3928 1609 0
3928 1612 0
3926 1613 0
3923 1613 0
3922 1615 0
3919 1615 0
3915 1615 0
3914 1613 0
3909 1612 0
3904 1611 0
3900 1612 0
3895 1612 0
3891 1612 0
3886 1613 0
3882 1616 0
3876 1620 0
3872 1623 0
3858 1629 0
3842 1638 0
3815 1641 0
3776 1641 21821
.PEN_UP
