.VERSION 1.0 0
.HIERARCHY CHARACTER
.COORD X Y T
.SEGMENT CHARACTER
.X_POINTS_PER_INCH 2500
.Y_POINTS_PER_INCH 2500
.POINTS_PER_SECOND 1200

.WRITER_ID 5
.AGE 29
.SEX MALE
.HAND RIGHT
.SKILL GOOD
.STYLE NORMAL
.COUNTRY  

.WRITER_INFO
 WriterName:PANDRY
 WriterTrailNo:1
 WriterProfession:SOFTWARE

 WritingSetup:TABLETPC

 WritingFrequency:Rarely
 WritingInProfession:No
 WritingFile:dcpath
.PEN_DOWN
3618 374 2513
3613 367 0
3610 357 0
3609 343 0
3606 327 0
3602 309 0
3596 291 0
3582 272 0
3565 258 0
3546 241 0
3516 233 0
3483 228 0
3441 230 0
3398 233 0
3347 244 0
3298 258 0
3248 276 0
3201 299 0
3155 325 0
3118 356 0
3086 387 0
3068 421 0
3059 455 0
3064 491 0
3084 527 0
3117 561 0
3162 597 0
3217 634 0
3279 674 0
3351 716 0
3418 760 0
3480 805 0
3531 855 0
3573 911 0
3597 972 0
3606 1033 0
3601 1102 0
3572 1169 0
3529 1235 0
3469 1296 0
3398 1351 0
3318 1392 0
3232 1421 0
3152 1429 0
3073 1425 0
3005 1402 0
2953 1369 0
2921 1324 0
2907 1272 0
2917 1213 0
2946 1151 0
2997 1089 0
3062 1030 0
3133 970 0
3212 911 0
3291 851 0
3367 792 0
3433 737 0
3487 684 0
3526 635 0
3557 594 0
3574 565 0
3586 540 0
3595 528 0
3592 528 40137
.PEN_UP
