.VERSION 1.0 0
.HIERARCHY CHARACTER
.COORD X Y T
.SEGMENT CHARACTER
.X_POINTS_PER_INCH 2500
.Y_POINTS_PER_INCH 2500
.POINTS_PER_SECOND 1200

.WRITER_ID 1
.AGE 36
.SEX MALE
.HAND RIGHT
.SKILL OK
.STYLE NORMAL
.COUNTRY  
.WRITER_INFO
 WriterName:SUDHAKARAN
 WriterTrailNo:1
 WriterProfession:SOFTWARE
 WritingSetup:TABLETPC
 WritingFrequency:Everyday
 WritingInProfession:No
 WritingFile:dcpath
.PEN_DOWN
3110 669 1703
3117 648 0
3115 640 0
3089 643 0
3081 657 0
3063 686 0
3053 719 0
3038 761 0
3033 806 0
3028 853 0
3034 896 0
3048 934 0
3073 965 0
3108 989 0
3150 1003 0
3197 1008 0
3248 1007 0
3304 1002 0
3356 991 0
3401 977 0
3438 964 0
3468 954 0
3490 949 0
3504 946 0
3513 954 0
3515 968 0
3515 988 0
3515 1015 0
3513 1054 0
3504 1095 0
3489 1138 0
3465 1186 0
3435 1232 0
3393 1275 0
3343 1313 0
3286 1345 0
3225 1369 0
3161 1386 0
3101 1395 0
3049 1395 0
2995 1392 0
2956 1376 0
2925 1358 0
2902 1332 0
2884 1300 6049
.PEN_UP
.PEN_DOWN
2965 713 1703
2948 683 0
2931 660 0
2914 643 0
2916 626 0
2930 622 0
2967 613 0
3020 609 0
3086 603 0
3166 600 0
3244 597 0
3342 590 0
3445 586 0
3550 581 0
3649 578 0
3742 572 0
3829 566 0
3904 560 0
3984 551 0
4036 546 0
4079 539 0
4107 533 0
4121 528 0
4128 525 0
4122 525 0
4117 528 0
4102 539 0
4087 553 0
4066 570 0
4046 592 6360
.PEN_UP
