.VERSION 1.0 0
.HIERARCHY CHARACTER
.COORD X Y T
.SEGMENT CHARACTER
.X_POINTS_PER_INCH 2500
.Y_POINTS_PER_INCH 2500
.POINTS_PER_SECOND 1200

.WRITER_ID 1
.AGE 36
.SEX MALE
.HAND RIGHT
.SKILL OK
.STYLE NORMAL
.COUNTRY  
.WRITER_INFO
 WriterName:SUDHAKARAN
 WriterTrailNo:0
 WriterProfession:SOFTWARE
 WritingSetup:TABLETPC
 WritingFrequency:Everyday
 WritingInProfession:No
 WritingFile:dcpath
.PEN_DOWN
2893 694 8052
2878 684 0
2865 672 0
2862 657 0
2867 639 0
2880 628 0
2909 615 0
2945 603 0
2995 594 0
3051 592 0
3108 592 0
3165 601 0
3221 616 0
3269 638 0
3307 666 0
3334 698 0
3343 737 0
3335 782 0
3311 827 0
3268 879 0
3217 930 0
3156 984 0
3092 1035 0
3026 1083 0
2965 1125 0
2912 1165 0
2876 1193 0
2851 1214 0
2842 1231 0
2846 1243 0
2865 1248 0
2897 1253 0
2944 1251 0
3003 1249 0
3077 1246 0
3159 1244 0
3243 1237 0
3339 1230 0
3440 1222 0
3539 1214 0
3632 1209 0
3718 1204 0
3796 1200 0
3858 1197 0
3915 1194 0
3948 1194 0
3965 1195 0
3972 1194 0
3965 1199 0
3960 1194 0
3939 1198 0
3924 1198 0
3902 1200 10185
.PEN_UP
