.VERSION 1.0 0
.HIERARCHY CHARACTER
.COORD X Y T
.SEGMENT CHARACTER
.X_POINTS_PER_INCH 2500
.Y_POINTS_PER_INCH 2500
.POINTS_PER_SECOND 1200

.WRITER_ID 1
.AGE 36
.SEX MALE
.HAND RIGHT
.SKILL OK
.STYLE NORMAL
.COUNTRY  
.WRITER_INFO
 WriterName:SUDHAKARAN
 WriterTrailNo:1
 WriterProfession:SOFTWARE
 WritingSetup:TABLETPC
 WritingFrequency:Everyday
 WritingInProfession:No
 WritingFile:dcpath
.PEN_DOWN
2570 508 1703
2569 500 0
2574 487 0
2588 468 0
2599 455 0
2626 434 0
2650 422 0
2688 410 0
2731 403 0
2780 406 0
2825 416 0
2865 436 0
2894 462 0
2912 498 0
2920 541 0
2909 587 0
2884 635 0
2855 680 0
2819 721 0
2782 757 0
2750 786 0
2728 808 0
2712 824 0
2707 833 0
2719 841 0
2738 850 0
2764 861 0
2799 876 0
2838 896 0
2879 920 0
2923 947 0
2963 985 0
2989 1026 0
3005 1070 0
3005 1116 0
2989 1161 0
2959 1206 0
2918 1244 0
2865 1286 0
2806 1313 0
2742 1332 0
2677 1343 0
2612 1350 0
2553 1346 0
2500 1337 0
2453 1323 0
2410 1304 0
2375 1285 0
2359 1260 0
2352 1237 0
2357 1217 0
2371 1195 0
2392 1175 4136
.PEN_UP
