.VERSION 1.0 0
.HIERARCHY CHARACTER
.COORD X Y T
.SEGMENT CHARACTER
.X_POINTS_PER_INCH 2500
.Y_POINTS_PER_INCH 2500
.POINTS_PER_SECOND 1200

.WRITER_ID 1
.AGE 36
.SEX MALE
.HAND RIGHT
.SKILL OK
.STYLE NORMAL
.COUNTRY  
.WRITER_INFO
 WriterName:SUDHAKARAN
 WriterTrailNo:0
 WriterProfession:SOFTWARE
 WritingSetup:TABLETPC
 WritingFrequency:Everyday
 WritingInProfession:No
 WritingFile:dcpath
.PEN_DOWN
3342 540 8052
3330 513 0
3312 482 0
3277 458 0
3241 432 0
3185 420 0
3128 407 0
3059 408 0
3000 415 0
2932 430 0
2871 455 0
2815 489 0
2771 527 0
2739 566 0
2719 607 0
2710 651 0
2712 689 0
2738 726 0
2778 754 0
2829 776 0
2892 790 0
2959 797 0
3031 799 0
3104 792 0
3171 778 0
3227 758 0
3276 731 0
3315 702 0
3342 666 0
3359 631 0
3370 596 0
3373 561 0
3375 533 0
3376 510 0
3376 496 0
3379 489 0
3381 498 0
3384 517 0
3390 550 0
3395 593 0
3400 647 0
3400 714 0
3399 792 0
3391 876 0
3377 962 0
3356 1047 0
3328 1125 0
3290 1199 0
3245 1264 0
3193 1319 0
3140 1359 0
3080 1389 0
3023 1410 0
2968 1417 0
2908 1419 0
2855 1410 0
2801 1401 0
2758 1382 0
2719 1356 0
2684 1324 17916
.PEN_UP
