.VERSION 1.0 0
.HIERARCHY CHARACTER
.COORD X Y T
.SEGMENT CHARACTER
.X_POINTS_PER_INCH 2500
.Y_POINTS_PER_INCH 2500
.POINTS_PER_SECOND 1200

.WRITER_ID 1
.AGE 36
.SEX MALE
.HAND RIGHT
.SKILL OK
.STYLE NORMAL
.COUNTRY  
.WRITER_INFO
 WriterName:SUDHAKARAN
 WriterTrailNo:1
 WriterProfession:SOFTWARE
 WritingSetup:TABLETPC
 WritingFrequency:Everyday
 WritingInProfession:No
 WritingFile:dcpath
.PEN_DOWN
3688 449 1703
3684 406 0
3671 364 0
3646 333 0
3614 302 0
3564 287 0
3508 274 0
3435 282 0
3359 296 0
3273 329 0
3193 370 0
3112 422 0
3044 477 0
2989 536 0
2954 592 0
2939 646 0
2944 691 0
2972 731 0
3020 759 0
3081 778 0
3153 786 0
3230 787 0
3309 778 0
3386 762 0
3454 737 0
3510 705 0
3557 670 0
3588 631 0
3611 591 0
3628 552 0
3635 519 0
3639 491 0
3642 471 0
3644 463 0
3639 468 0
3638 487 0
3633 517 0
3629 560 0
3625 615 0
3614 681 0
3601 759 0
3581 839 0
3554 922 0
3516 1001 0
3469 1075 0
3405 1142 0
3334 1199 0
3256 1245 0
3179 1276 0
3101 1294 0
3023 1304 0
2959 1297 0
2897 1290 0
2842 1271 0
2795 1245 10185
.PEN_UP
