.VERSION 1.0 0
.HIERARCHY CHARACTER
.COORD X Y T
.SEGMENT CHARACTER
.X_POINTS_PER_INCH 2500
.Y_POINTS_PER_INCH 2500
.POINTS_PER_SECOND 1200

.WRITER_ID 1
.AGE 36
.SEX MALE
.HAND RIGHT
.SKILL OK
.STYLE NORMAL
.COUNTRY  
.WRITER_INFO
 WriterName:SUDHAKARAN
 WriterTrailNo:0
 WriterProfession:SOFTWARE
 WritingSetup:TABLETPC
 WritingFrequency:Everyday
 WritingInProfession:No
 WritingFile:dcpath
.PEN_DOWN
3746 602 8052
3745 587 0
3742 569 0
3733 557 0
3716 557 0
3691 560 0
3660 574 0
3624 591 0
3577 621 0
3522 656 0
3459 699 0
3390 745 0
3315 795 0
3249 839 0
3179 885 0
3115 931 0
3057 966 0
3011 994 0
2975 1019 0
2955 1035 0
2942 1047 0
2945 1052 0
2961 1055 0
2995 1052 0
3040 1050 0
3099 1041 0
3170 1032 0
3243 1022 0
3329 1012 0
3419 1001 0
3511 996 0
3600 990 0
3684 986 0
3764 985 0
3835 985 0
3902 989 0
3953 994 0
3989 999 0
4018 1001 0
4023 1012 0
4026 1012 0
4009 1015 0
3986 1015 12107
.PEN_UP
.PEN_DOWN
3653 679 8052
3653 653 0
3651 634 0
3644 624 0
3644 621 0
3637 637 0
3632 652 0
3614 686 0
3600 726 0
3582 781 0
3568 842 0
3553 917 0
3541 991 0
3532 1070 0
3522 1148 0
3521 1222 0
3518 1295 0
3517 1354 0
3506 1416 0
3498 1462 0
3488 1502 0
3476 1533 12398
.PEN_UP
