.VERSION 1.0 0
.HIERARCHY CHARACTER
.COORD X Y T
.SEGMENT CHARACTER
.X_POINTS_PER_INCH 2500
.Y_POINTS_PER_INCH 2500
.POINTS_PER_SECOND 1200

.WRITER_ID 1
.AGE 36
.SEX MALE
.HAND RIGHT
.SKILL OK
.STYLE NORMAL
.COUNTRY  
.WRITER_INFO
 WriterName:SUDHAKARAN
 WriterTrailNo:0
 WriterProfession:SOFTWARE
 WritingSetup:TABLETPC
 WritingFrequency:Everyday
 WritingInProfession:No
 WritingFile:dcpath
.PEN_DOWN
2894 557 8052
2890 533 0
2895 504 0
2916 472 0
2942 453 0
2986 427 0
3038 411 0
3100 399 0
3161 397 0
3221 403 0
3273 420 0
3315 444 0
3342 478 0
3354 519 0
3351 568 0
3328 615 0
3295 661 0
3255 702 0
3209 740 0
3169 769 0
3131 792 0
3101 805 0
3084 813 0
3084 815 0
3092 818 0
3120 818 0
3156 820 0
3195 827 0
3240 837 0
3287 855 0
3332 876 0
3370 907 0
3401 944 0
3423 986 0
3435 1032 0
3437 1081 0
3424 1130 0
3400 1178 0
3357 1222 0
3304 1263 0
3239 1297 0
3170 1324 0
3096 1341 0
3021 1348 0
2950 1350 0
2884 1343 0
2828 1329 0
2780 1309 0
2739 1283 0
2703 1254 0
2678 1223 0
2660 1190 0
2649 1158 0
2640 1128 0
2642 1097 0
2641 1078 0
2654 1055 0
2668 1037 0
2684 1022 11186
.PEN_UP
