.VERSION 1.0 0
.HIERARCHY CHARACTER
.COORD X Y T
.SEGMENT CHARACTER
.X_POINTS_PER_INCH 2500
.Y_POINTS_PER_INCH 2500
.POINTS_PER_SECOND 1200

.WRITER_ID 1
.AGE 36
.SEX MALE
.HAND RIGHT
.SKILL OK
.STYLE NORMAL
.COUNTRY  
.WRITER_INFO
 WriterName:SUDHAKARAN
 WriterTrailNo:0
 WriterProfession:SOFTWARE
 WritingSetup:TABLETPC
 WritingFrequency:Everyday
 WritingInProfession:No
 WritingFile:dcpath
.PEN_DOWN
3723 564 8052
3721 552 0
3719 538 0
3717 527 0
3716 513 0
3709 503 0
3702 492 0
3693 486 0
3681 481 0
3637 501 0
3604 515 0
3565 542 0
3522 584 0
3474 640 0
3423 707 0
3377 786 0
3338 862 0
3312 939 0
3298 1010 0
3297 1081 0
3309 1144 0
3330 1206 0
3363 1257 0
3404 1301 0
3445 1337 0
3498 1365 0
3555 1382 0
3611 1385 0
3665 1384 0
3717 1371 0
3760 1350 0
3801 1320 0
3841 1286 0
3867 1240 0
3885 1185 0
3894 1126 0
3896 1058 0
3894 976 0
3888 894 0
3887 889 0
3877 845 0
3868 795 0
3857 748 0
3845 703 0
3829 661 0
3811 623 0
3789 593 0
3763 566 0
3736 546 0
3665 512 0
3604 520 0
3543 543 8352
.PEN_UP
