.VERSION 1.0 0
.HIERARCHY CHARACTER
.COORD X Y T
.SEGMENT CHARACTER
.X_POINTS_PER_INCH 2500
.Y_POINTS_PER_INCH 2500
.POINTS_PER_SECOND 1200

.WRITER_ID 1
.AGE 36
.SEX MALE
.HAND RIGHT
.SKILL OK
.STYLE NORMAL
.COUNTRY  
.WRITER_INFO
 WriterName:SUDHAKARAN
 WriterTrailNo:1
 WriterProfession:SOFTWARE
 WritingSetup:TABLETPC
 WritingFrequency:Everyday
 WritingInProfession:No
 WritingFile:dcpath
.PEN_DOWN
3170 667 1703
3179 642 0
3181 617 0
3192 606 0
3171 602 0
3146 605 0
3106 619 0
3063 639 0
3007 672 0
2950 708 0
2889 754 0
2827 805 0
2762 862 0
2701 922 0
2637 982 0
2581 1040 0
2529 1092 0
2487 1134 0
2448 1172 0
2426 1199 0
2417 1220 0
2426 1225 0
2452 1227 0
2491 1222 0
2548 1216 0
2614 1206 0
2694 1194 0
2785 1184 0
2884 1178 0
2987 1171 0
3086 1163 0
3183 1161 0
3268 1158 0
3342 1163 0
3404 1166 0
3442 1172 0
3475 1167 0
3483 1167 0
3480 1167 0
3461 1166 4958
.PEN_UP
.PEN_DOWN
3026 740 1703
3021 704 0
3016 676 0
3010 657 0
3010 644 0
3003 648 0
3002 665 0
2992 698 0
2986 744 0
2970 811 0
2960 890 0
2944 985 0
2931 1083 0
2914 1186 0
2895 1290 0
2878 1391 0
2855 1485 0
2834 1568 0
2809 1643 0
2792 1703 0
2772 1757 0
2761 1804 0
2753 1831 5238
.PEN_UP
