.VERSION 1.0 0
.HIERARCHY CHARACTER
.COORD X Y T
.SEGMENT CHARACTER
.X_POINTS_PER_INCH 2500
.Y_POINTS_PER_INCH 2500
.POINTS_PER_SECOND 1200

.WRITER_ID 1
.AGE 36
.SEX MALE
.HAND RIGHT
.SKILL OK
.STYLE NORMAL
.COUNTRY  
.WRITER_INFO
 WriterName:SUDHAKARAN
 WriterTrailNo:1
 WriterProfession:SOFTWARE
 WritingSetup:TABLETPC
 WritingFrequency:Everyday
 WritingInProfession:No
 WritingFile:dcpath
.PEN_DOWN
3738 892 1703
3752 878 0
3766 861 0
3782 841 0
3789 822 0
3807 791 0
3815 763 0
3830 722 0
3836 685 0
3844 640 0
3841 597 0
3834 554 0
3816 517 0
3785 484 0
3746 459 0
3698 443 0
3637 440 0
3567 450 0
3490 469 0
3414 498 0
3346 535 0
3288 577 0
3244 621 0
3213 667 0
3207 712 0
3225 757 0
3265 797 0
3321 831 0
3386 866 0
3460 902 0
3535 939 0
3607 977 0
3667 1018 0
3716 1061 0
3747 1107 0
3761 1157 0
3761 1204 0
3741 1249 0
3710 1292 0
3668 1328 0
3615 1360 0
3559 1379 0
3499 1391 0
3440 1389 0
3384 1380 0
3340 1361 0
3298 1333 0
3273 1295 0
3262 1253 0
3269 1204 0
3295 1148 0
3337 1095 0
3395 1042 0
3460 993 0
3544 944 0
3624 910 0
3718 873 0
3810 852 0
3900 841 0
3981 836 9164
.PEN_UP
