.VERSION 1.0 0
.HIERARCHY CHARACTER
.COORD X Y T
.SEGMENT CHARACTER
.X_POINTS_PER_INCH 2500
.Y_POINTS_PER_INCH 2500
.POINTS_PER_SECOND 1200

.WRITER_ID 1
.AGE 36
.SEX MALE
.HAND RIGHT
.SKILL OK
.STYLE NORMAL
.COUNTRY  
.WRITER_INFO
 WriterName:SUDHAKARAN
 WriterTrailNo:0
 WriterProfession:SOFTWARE
 WritingSetup:TABLETPC
 WritingFrequency:Everyday
 WritingInProfession:No
 WritingFile:dcpath
.PEN_DOWN
3103 551 8052
3114 521 0
3118 506 0
3112 502 0
3104 509 0
3084 532 0
3076 561 0
3057 600 0
3042 641 0
3029 688 0
3019 733 0
3019 775 0
3026 810 0
3042 836 0
3066 853 0
3096 862 0
3133 862 0
3176 857 0
3223 845 0
3270 833 0
3315 818 0
3357 807 0
3393 798 0
3426 796 0
3451 801 0
3468 813 0
3479 835 0
3485 864 0
3485 900 0
3479 941 0
3470 984 0
3456 1026 0
3437 1073 0
3414 1117 0
3385 1155 0
3353 1189 0
3319 1216 0
3282 1238 0
3243 1253 0
3203 1267 0
3166 1269 0
3134 1265 0
3100 1258 0
3080 1242 0
3056 1228 0
3039 1207 0
3028 1184 13179
.PEN_UP
.PEN_DOWN
3015 649 8052
2993 629 0
2975 611 0
2948 597 0
2941 585 0
2941 584 0
2958 580 0
2984 580 0
3026 581 0
3077 584 0
3140 585 0
3211 588 0
3282 590 0
3362 593 0
3442 594 0
3521 597 0
3595 597 0
3665 593 0
3732 589 0
3793 584 0
3855 578 0
3902 570 0
3937 564 0
3961 558 0
3974 556 0
3981 552 0
3971 561 0
3958 567 0
3942 580 0
3925 594 13499
.PEN_UP
