.VERSION 1.0 0
.HIERARCHY CHARACTER
.COORD X Y T
.SEGMENT CHARACTER
.X_POINTS_PER_INCH 2500
.Y_POINTS_PER_INCH 2500
.POINTS_PER_SECOND 1200

.WRITER_ID 1
.AGE 36
.SEX MALE
.HAND RIGHT
.SKILL OK
.STYLE NORMAL
.COUNTRY  
.WRITER_INFO
 WriterName:SUDHAKARAN
 WriterTrailNo:0
 WriterProfession:SOFTWARE
 WritingSetup:TABLETPC
 WritingFrequency:Everyday
 WritingInProfession:No
 WritingFile:dcpath
.PEN_DOWN
3282 697 8052
3270 702 0
3262 698 0
3256 689 0
3251 684 0
3259 670 0
3267 660 0
3283 643 0
3304 624 0
3329 603 0
3354 578 0
3382 551 0
3407 522 0
3429 487 0
3445 457 0
3450 422 0
3443 392 0
3427 361 0
3395 334 0
3351 311 0
3295 296 0
3229 287 0
3157 286 0
3085 292 0
3015 306 0
2950 325 0
2899 350 0
2862 380 0
2845 415 0
2842 454 0
2858 495 0
2897 540 0
2951 584 0
3023 631 0
3101 684 0
3184 736 0
3268 790 0
3344 842 0
3408 896 0
3457 948 0
3483 999 0
3488 1050 0
3473 1095 0
3438 1135 0
3382 1172 0
3320 1199 0
3249 1223 0
3176 1235 0
3103 1240 0
3037 1229 0
2975 1213 0
2932 1186 0
2898 1153 0
2881 1114 0
2876 1069 0
2888 1022 0
2914 970 0
2964 920 0
3026 869 0
3103 822 0
3192 779 0
3276 748 0
3366 716 0
3445 693 0
3520 679 0
3574 672 16704
.PEN_UP
