.VERSION 1.0 0
.HIERARCHY CHARACTER
.COORD X Y T
.SEGMENT CHARACTER
.X_POINTS_PER_INCH 2500
.Y_POINTS_PER_INCH 2500
.POINTS_PER_SECOND 1200

.WRITER_ID 6
.AGE 29
.SEX MALE
.HAND RIGHT
.SKILL GOOD
.STYLE NORMAL
.COUNTRY  

.WRITER_INFO
 WriterName:DINESH
 WriterTrailNo:0
 WriterProfession:

 WritingSetup:SOFTWARE

 WritingFrequency:Rarely
 WritingInProfession:No
 WritingFile:dcpath
.PEN_DOWN
3700 469 13409
3695 464 0
3685 458 0
3670 458 0
3651 457 0
3628 462 0
3606 468 0
3577 478 0
3552 492 0
3522 509 0
3498 527 0
3472 550 0
3451 573 0
3430 602 0
3411 627 0
3398 656 0
3388 681 0
3384 709 0
3385 732 0
3391 758 0
3402 777 0
3417 796 0
3435 812 0
3456 828 0
3480 840 0
3505 852 0
3528 860 0
3553 870 0
3576 876 0
3599 883 0
3622 888 0
3642 895 0
3665 900 0
3686 909 0
3708 913 0
3728 920 0
3749 932 0
3765 946 0
3781 960 0
3795 976 0
3806 992 0
3816 1008 0
3829 1028 0
3837 1047 0
3845 1062 0
3856 1075 0
3863 1089 0
3872 1103 0
3879 1118 0
3882 1134 0
3884 1149 0
3882 1166 0
3879 1182 0
3872 1201 0
3863 1219 0
3853 1236 0
3838 1251 0
3823 1270 0
3803 1287 0
3782 1306 0
3756 1324 0
3731 1339 0
3704 1353 0
3678 1370 0
3651 1384 0
3624 1394 0
3600 1398 0
3577 1402 0
3556 1396 0
3535 1390 0
3520 1381 0
3501 1365 0
3489 1345 0
3478 1323 0
3469 1298 0
3464 1273 0
3461 1246 0
3461 1220 0
3464 1192 0
3469 1166 0
3478 1140 0
3487 1117 0
3501 1095 0
3514 1071 0
3533 1050 0
3544 1025 0
3559 1005 0
3573 986 0
3586 964 0
3600 944 0
3614 922 0
3628 902 0
3639 880 0
3657 861 0
3670 839 0
3684 815 0
3697 792 0
3707 768 0
3714 744 0
3720 721 0
3723 696 0
3721 671 0
3720 649 0
3714 626 0
3707 602 0
3699 582 0
3683 562 0
3667 545 0
3651 529 0
3629 518 0
3604 513 0
3576 509 0
3547 513 0
3517 518 0
3488 534 0
3469 556 0
3454 573 0
3449 593 44003
.PEN_UP
