.VERSION 1.0 0
.HIERARCHY CHARACTER
.COORD X Y T
.SEGMENT CHARACTER
.X_POINTS_PER_INCH 2500
.Y_POINTS_PER_INCH 2500
.POINTS_PER_SECOND 1200

.WRITER_ID 6
.AGE 29
.SEX MALE
.HAND RIGHT
.SKILL GOOD
.STYLE NORMAL
.COUNTRY  

.WRITER_INFO
 WriterName:DINESH
 WriterTrailNo:1
 WriterProfession:

 WritingSetup:SOFTWARE

 WritingFrequency:Rarely
 WritingInProfession:No
 WritingFile:dcpath
.PEN_DOWN
3827 526 3085
3821 523 0
3817 522 0
3806 526 0
3799 528 0
3787 542 0
3777 555 0
3760 575 0
3746 602 0
3727 634 0
3708 668 0
3685 712 0
3658 757 0
3628 804 0
3600 857 0
3571 912 0
3539 970 0
3511 1030 0
3480 1086 0
3452 1142 0
3428 1194 0
3407 1240 0
3386 1277 0
3367 1310 0
3351 1334 0
3334 1355 0
3324 1369 0
3314 1378 0
3306 1384 0
3301 1388 0
3296 1391 0
3293 1391 0
3296 1388 0
3301 1385 0
3307 1383 0
3318 1378 0
3330 1374 0
3344 1370 0
3362 1368 0
3381 1364 0
3404 1361 0
3427 1356 0
3449 1354 0
3468 1351 0
3485 1348 0
3516 1342 0
3549 1336 0
3583 1329 0
3619 1320 0
3653 1313 0
3690 1303 0
3731 1291 0
3774 1283 0
3802 1276 0
3827 1268 0
3850 1262 0
3873 1255 0
3892 1249 0
3915 1243 0
3936 1232 0
3958 1227 0
3977 1222 0
3994 1217 0
4009 1209 0
4021 1207 0
4031 1204 0
4037 1203 0
4040 1200 0
4041 1199 0
4042 1192 0
4044 1181 0
4047 1170 0
4049 1155 0
4050 1137 0
4050 1115 0
4050 1092 0
4049 1070 0
4047 1049 0
4045 1028 0
4042 1010 0
4040 994 0
4036 978 0
4033 963 0
4031 952 0
4028 940 0
4026 931 0
4023 924 0
4021 919 0
4017 915 0
4013 915 0
4009 921 0
4004 926 0
3999 935 0
3994 949 0
3990 968 0
3985 991 0
3981 1022 0
3976 1060 0
3971 1101 0
3965 1147 0
3960 1199 0
3956 1255 0
3952 1313 0
3946 1362 0
3942 1416 0
3938 1465 0
3936 1509 0
3934 1547 0
3932 1584 0
3929 1618 0
3925 1648 0
3923 1683 0
3919 1712 0
3916 1740 0
3913 1769 0
3908 1798 0
3905 1819 0
3900 1840 0
3899 1859 0
3899 1869 0
3894 1880 0
3896 1875 0
3896 1871 0
3897 1859 0
3899 1845 10375
.PEN_UP
