.VERSION 1.0 0
.HIERARCHY CHARACTER
.COORD X Y T
.SEGMENT CHARACTER
.X_POINTS_PER_INCH 2500
.Y_POINTS_PER_INCH 2500
.POINTS_PER_SECOND 1200

.WRITER_ID 6
.AGE 29
.SEX MALE
.HAND RIGHT
.SKILL GOOD
.STYLE NORMAL
.COUNTRY  

.WRITER_INFO
 WriterName:DINESH
 WriterTrailNo:0
 WriterProfession:

 WritingSetup:SOFTWARE

 WritingFrequency:Rarely
 WritingInProfession:No
 WritingFile:dcpath
.PEN_DOWN
3957 713 13409
3955 714 0
3945 721 0
3938 726 0
3922 736 0
3909 738 0
3889 750 0
3871 754 0
3848 759 0
3829 759 0
3807 759 0
3789 754 0
3772 749 0
3756 736 0
3742 723 0
3732 707 0
3725 689 0
3721 667 0
3717 641 0
3718 615 0
3721 589 0
3727 561 0
3737 533 0
3751 504 0
3765 480 0
3781 455 0
3798 436 0
3819 422 0
3839 411 0
3858 403 0
3880 402 0
3898 404 0
3918 413 0
3938 427 0
3956 445 0
3971 468 0
3987 494 0
3998 523 0
4006 555 0
4011 587 0
4009 622 0
4004 657 0
3995 695 0
3984 736 0
3969 775 0
3954 817 0
3936 862 0
3917 909 0
3896 959 0
3877 1008 0
3854 1060 0
3829 1108 0
3801 1158 0
3773 1206 0
3741 1250 0
3703 1287 0
3669 1320 0
3636 1347 0
3603 1363 0
3573 1372 0
3544 1370 0
3516 1361 0
3491 1345 0
3473 1328 0
3454 1307 0
3436 1286 0
3419 1264 0
3408 1246 0
3398 1232 0
3394 1219 0
3394 1206 0
3400 1195 0
3412 1182 0
3430 1168 0
3450 1153 0
3470 1141 0
3491 1130 0
3511 1121 0
3539 1118 0
3568 1120 0
3597 1129 0
3623 1144 0
3650 1163 0
3680 1186 0
3717 1210 0
3756 1235 0
3789 1255 0
3826 1274 0
3870 1286 0
3914 1294 0
3964 1300 0
4011 1301 0
4062 1301 0
4107 1300 0
4153 1297 0
4191 1294 0
4227 1292 0
4256 1291 0
4279 1288 0
4299 1286 0
4315 1282 0
4327 1277 0
4338 1270 0
4344 1264 0
4349 1257 0
4352 1252 0
4357 1245 0
4352 1245 0
4358 1237 0
4357 1233 0
4357 1232 0
4359 1229 17555
.PEN_UP
