.VERSION 1.0 0
.HIERARCHY CHARACTER
.COORD X Y T
.SEGMENT CHARACTER
.X_POINTS_PER_INCH 2500
.Y_POINTS_PER_INCH 2500
.POINTS_PER_SECOND 1200

.WRITER_ID 6
.AGE 29
.SEX MALE
.HAND RIGHT
.SKILL GOOD
.STYLE NORMAL
.COUNTRY  

.WRITER_INFO
 WriterName:DINESH
 WriterTrailNo:0
 WriterProfession:

 WritingSetup:SOFTWARE

 WritingFrequency:Rarely
 WritingInProfession:No
 WritingFile:dcpath
.PEN_DOWN
3566 727 13409
3552 731 0
3552 726 0
3542 719 0
3542 699 0
3531 685 0
3531 661 0
3531 640 0
3531 615 0
3531 596 0
3531 574 0
3531 559 0
3531 541 0
3531 522 0
3547 502 0
3569 481 0
3595 462 0
3624 441 0
3657 422 0
3693 406 0
3730 392 0
3773 385 0
3801 380 0
3826 380 0
3852 386 0
3876 392 0
3900 403 0
3924 417 0
3948 436 0
3971 455 0
3990 483 0
4007 510 0
4018 545 0
4025 582 0
4026 620 0
4023 659 0
4013 700 0
3997 740 0
3980 777 0
3960 812 0
3938 846 0
3913 874 0
3885 902 0
3857 926 0
3829 948 0
3802 967 0
3773 982 0
3746 996 0
3723 1005 0
3706 1014 0
3689 1019 0
3680 1024 0
3671 1024 0
3666 1028 0
3665 1028 0
3667 1028 0
3671 1028 0
3680 1027 0
3688 1027 0
3702 1027 0
3718 1024 0
3737 1022 0
3762 1019 0
3787 1014 0
3812 1011 0
3840 1009 0
3871 1008 0
3904 1006 0
3934 1008 0
3966 1011 0
3998 1015 0
4027 1024 0
4057 1033 0
4083 1044 0
4106 1059 0
4124 1074 0
4139 1092 0
4148 1111 0
4154 1130 0
4154 1148 0
4151 1164 0
4144 1183 0
4135 1200 0
4121 1220 0
4107 1238 0
4092 1256 0
4077 1277 0
4059 1296 0
4041 1312 0
4023 1331 0
4003 1353 0
3983 1370 0
3962 1386 0
3938 1404 0
3917 1419 0
3891 1437 0
3865 1458 0
3837 1474 0
3807 1490 0
3776 1506 0
3742 1524 0
3699 1541 0
3661 1553 0
3619 1565 0
3577 1571 0
3534 1576 0
3489 1576 0
3444 1571 0
3400 1560 0
3362 1543 0
3323 1528 0
3282 1510 0
3241 1491 0
3206 1474 0
3171 1459 0
3146 1442 0
3121 1437 0
3113 1432 0
3123 1426 0
3142 1418 24885
.PEN_UP
