.VERSION 1.0 0
.HIERARCHY CHARACTER
.COORD X Y T
.SEGMENT CHARACTER
.X_POINTS_PER_INCH 2500
.Y_POINTS_PER_INCH 2500
.POINTS_PER_SECOND 1200

.WRITER_ID 6
.AGE 29
.SEX MALE
.HAND RIGHT
.SKILL GOOD
.STYLE NORMAL
.COUNTRY  

.WRITER_INFO
 WriterName:DINESH
 WriterTrailNo:0
 WriterProfession:

 WritingSetup:SOFTWARE

 WritingFrequency:Rarely
 WritingInProfession:No
 WritingFile:dcpath
.PEN_DOWN
3689 585 13409
3688 574 0
3688 565 0
3684 557 0
3683 550 0
3679 550 0
3676 550 0
3670 555 0
3665 562 0
3657 575 0
3641 592 0
3618 613 0
3604 629 0
3583 648 0
3563 677 0
3545 708 0
3524 740 0
3502 774 0
3486 807 0
3470 846 0
3447 890 0
3425 937 0
3398 981 0
3372 1018 0
3347 1057 0
3324 1089 0
3302 1118 0
3283 1145 0
3266 1166 0
3253 1182 0
3243 1192 0
3233 1204 0
3225 1209 0
3219 1214 0
3212 1218 0
3208 1220 0
3203 1220 0
3199 1223 0
3194 1223 0
3189 1224 0
3185 1223 0
3179 1226 0
3174 1226 0
3169 1227 0
3166 1227 0
3164 1227 0
3165 1226 0
3168 1224 0
3174 1223 0
3185 1218 0
3199 1215 0
3215 1214 0
3233 1208 0
3253 1203 0
3276 1198 0
3297 1192 0
3322 1186 0
3343 1182 0
3369 1176 0
3394 1172 0
3421 1169 0
3444 1168 0
3468 1164 0
3500 1162 0
3533 1163 0
3567 1166 0
3600 1168 0
3633 1166 0
3662 1163 0
3698 1158 0
3734 1155 0
3759 1149 0
3779 1141 0
3801 1134 0
3820 1129 0
3839 1126 0
3856 1122 0
3870 1124 0
3882 1124 0
3894 1126 0
3906 1126 0
3915 1130 0
3927 1130 0
3936 1127 0
3942 1127 0
3952 1127 0
3960 1125 0
3965 1124 0
3969 1124 0
3971 1121 0
3973 1121 0
3974 1124 0
3975 1121 0
3975 1120 0
3974 1117 0
3975 1118 0
3975 1116 0
3975 1113 0
3974 1110 0
3973 1110 0
3971 1110 0
3970 1107 0
3969 1106 0
3969 1103 0
3968 1103 0
3968 1103 0
3966 1104 0
3966 1102 0
3968 1103 0
3968 1102 0
3968 1103 0
3969 1104 0
3973 1103 0
3976 1102 0
3982 1097 0
3987 1095 0
3993 1092 0
3999 1090 0
4006 1088 0
4009 1085 0
4012 1081 0
4015 1080 0
4016 1078 0
4017 1076 0
4018 1076 0
4018 1075 0
4018 1074 0
4020 1071 0
4020 1073 0
4020 1073 0
4017 1074 0
4017 1073 0
4011 1076 0
4012 1075 0
4009 1080 0
4009 1084 26948
.PEN_UP
.PEN_DOWN
3517 656 13409
3517 667 0
3514 684 0
3514 704 0
3511 724 0
3511 749 0
3511 777 0
3511 805 0
3512 842 0
3514 872 0
3517 904 0
3517 935 0
3520 973 0
3520 1004 0
3521 1039 0
3521 1074 0
3517 1110 0
3517 1144 0
3515 1178 0
3515 1212 0
3511 1242 0
3511 1275 0
3506 1303 0
3506 1331 0
3502 1358 0
3501 1386 0
3497 1408 0
3497 1433 0
3493 1450 0
3492 1469 0
3491 1486 0
3489 1501 0
3487 1515 0
3486 1529 0
3486 1542 0
3484 1553 0
3483 1570 0
3482 1583 0
3480 1597 0
3478 1612 0
3475 1629 0
3472 1646 0
3468 1663 0
3461 1680 0
3459 1694 0
3455 1709 0
3453 1718 0
3450 1727 0
3449 1733 0
3449 1737 0
3449 1737 0
3449 1738 0
3449 1738 0
3449 1740 0
3449 1738 0
3450 1738 0
3451 1737 0
3451 1737 0
3455 1733 0
3456 1728 0
3459 1723 0
3461 1720 0
3464 1715 0
3465 1711 0
3468 1709 0
3469 1704 0
3470 1699 0
3472 1699 0
3472 1699 0
3473 1696 0
3474 1692 0
3475 1687 0
3478 1685 0
3479 1680 0
3480 1677 0
3484 1668 0
3484 1666 0
3486 1657 0
3487 1652 0
3487 1649 0
3491 1639 31825
.PEN_UP
