.VERSION 1.0 0
.HIERARCHY CHARACTER
.COORD X Y T
.SEGMENT CHARACTER
.X_POINTS_PER_INCH 2500
.Y_POINTS_PER_INCH 2500
.POINTS_PER_SECOND 1200

.WRITER_ID 6
.AGE 29
.SEX MALE
.HAND RIGHT
.SKILL GOOD
.STYLE NORMAL
.COUNTRY  

.WRITER_INFO
 WriterName:DINESH
 WriterTrailNo:1
 WriterProfession:

 WritingSetup:SOFTWARE

 WritingFrequency:Rarely
 WritingInProfession:No
 WritingFile:dcpath
.PEN_DOWN
4247 725 3085
4231 730 0
4210 735 0
4190 734 0
4164 735 0
4145 728 0
4122 723 0
4106 712 0
4089 700 0
4083 677 0
4079 657 0
4086 631 0
4093 606 0
4112 579 0
4133 552 0
4158 527 0
4186 503 0
4213 484 0
4239 469 0
4264 461 0
4286 457 0
4308 459 0
4323 467 0
4340 482 0
4348 501 0
4356 529 0
4364 563 0
4365 601 0
4365 642 0
4360 690 0
4354 741 0
4341 797 0
4323 861 0
4299 925 0
4267 994 0
4232 1065 0
4189 1135 0
4143 1203 0
4097 1264 0
4051 1319 0
4004 1368 0
3960 1406 0
3918 1434 0
3881 1454 0
3844 1458 0
3812 1458 0
3782 1458 0
3754 1453 0
3730 1440 0
3709 1424 0
3691 1405 0
3680 1383 0
3672 1365 0
3671 1346 0
3675 1323 0
3685 1297 0
3699 1276 0
3718 1254 0
3745 1236 0
3774 1221 0
3807 1208 0
3844 1203 0
3882 1200 0
3924 1206 0
3966 1214 0
4012 1230 0
4056 1249 0
4102 1274 0
4152 1295 0
4199 1320 0
4243 1342 0
4286 1360 0
4330 1373 0
4374 1379 0
4420 1378 0
4466 1370 0
4509 1356 0
4552 1340 0
4594 1320 0
4636 1299 0
4674 1276 0
4704 1251 0
4726 1229 0
4743 1209 0
4748 1192 0
4748 1172 0
4744 1158 0
4734 1144 0
4720 1135 0
4705 1128 0
4695 1123 0
4679 1121 0
4669 1123 0
4663 1124 6860
.PEN_UP
