.VERSION 1.0 0
.HIERARCHY CHARACTER
.COORD X Y T
.SEGMENT CHARACTER
.X_POINTS_PER_INCH 2500
.Y_POINTS_PER_INCH 2500
.POINTS_PER_SECOND 1200

.WRITER_ID 6
.AGE 29
.SEX MALE
.HAND RIGHT
.SKILL GOOD
.STYLE NORMAL
.COUNTRY  

.WRITER_INFO
 WriterName:DINESH
 WriterTrailNo:0
 WriterProfession:

 WritingSetup:SOFTWARE

 WritingFrequency:Rarely
 WritingInProfession:No
 WritingFile:dcpath
.PEN_DOWN
3882 485 13409
3879 482 0
3871 482 0
3876 476 0
3879 473 0
3892 464 0
3908 459 0
3933 448 0
3960 439 0
3992 427 0
4026 420 0
4063 413 0
4096 408 0
4130 406 0
4161 407 0
4188 411 0
4212 416 0
4231 420 0
4246 425 0
4254 432 0
4257 436 0
4254 441 0
4246 444 0
4232 445 0
4214 443 0
4189 440 0
4161 436 0
4128 432 0
4091 430 0
4054 425 0
4015 422 0
3978 422 0
3941 422 0
3909 425 0
3881 430 0
3858 436 0
3838 441 0
3824 449 0
3814 455 0
3805 463 0
3797 469 0
3789 478 0
3786 486 0
3782 494 0
3779 502 0
3777 511 0
3773 522 0
3770 533 0
3768 545 0
3764 556 0
3760 570 0
3758 585 0
3754 601 0
3751 619 0
3750 638 0
3750 657 0
3750 678 0
3750 701 0
3750 726 0
3750 749 0
3749 775 0
3746 801 0
3742 826 0
3739 851 0
3735 874 0
3732 895 0
3730 914 0
3725 932 0
3722 948 0
3721 962 0
3721 974 0
3721 985 0
3720 996 0
3718 1002 0
3717 1011 0
3718 1019 0
3718 1025 0
3720 1030 0
3720 1036 0
3721 1041 0
3725 1044 0
3727 1050 0
3728 1052 0
3730 1056 0
3731 1059 0
3732 1061 0
3734 1064 0
3735 1064 0
3736 1066 0
3736 1069 0
3737 1069 0
3741 1069 0
3744 1067 0
3748 1064 0
3753 1061 0
3758 1059 0
3764 1055 0
3773 1050 0
3782 1044 0
3792 1039 0
3806 1034 0
3823 1028 0
3842 1022 0
3863 1015 0
3889 1008 0
3919 1001 0
3950 996 0
3984 991 0
4016 986 0
4050 982 0
4085 981 0
4115 979 0
4146 982 0
4176 985 0
4203 988 0
4228 993 0
4252 999 0
4271 1006 0
4291 1014 0
4305 1023 0
4316 1034 0
4324 1044 0
4331 1057 0
4331 1071 0
4332 1085 0
4334 1098 0
4335 1111 0
4332 1130 0
4332 1139 0
4332 1155 0
4332 1175 0
4332 1191 0
4331 1210 0
4326 1231 0
4318 1251 0
4316 1266 0
4308 1291 0
4299 1306 0
4289 1321 0
4278 1338 0
4265 1354 0
4250 1370 0
4233 1389 0
4215 1407 0
4194 1426 0
4171 1445 0
4147 1464 0
4121 1481 0
4095 1498 0
4068 1515 0
4039 1529 0
4007 1542 0
3976 1555 0
3945 1569 0
3913 1581 0
3882 1594 0
3848 1604 0
3816 1613 0
3787 1618 0
3756 1623 0
3730 1623 0
3703 1620 0
3676 1615 0
3646 1604 0
3619 1594 0
3592 1583 0
3567 1570 0
3539 1555 0
3508 1541 0
3475 1521 0
3441 1504 0
3411 1484 0
3377 1465 0
3341 1447 0
3309 1426 0
3281 1407 0
3255 1390 0
3236 1377 0
3225 1365 0
3219 1358 0
3224 1353 0
3239 1351 0
3258 1348 36342
.PEN_UP
