.VERSION 1.0 0
.HIERARCHY CHARACTER
.COORD X Y T
.SEGMENT CHARACTER
.X_POINTS_PER_INCH 2500
.Y_POINTS_PER_INCH 2500
.POINTS_PER_SECOND 1200

.WRITER_ID 6
.AGE 29
.SEX MALE
.HAND RIGHT
.SKILL GOOD
.STYLE NORMAL
.COUNTRY  

.WRITER_INFO
 WriterName:DINESH
 WriterTrailNo:1
 WriterProfession:

 WritingSetup:SOFTWARE

 WritingFrequency:Rarely
 WritingInProfession:No
 WritingFile:dcpath
.PEN_DOWN
4637 505 3085
4630 490 0
4617 481 0
4595 475 0
4579 467 0
4551 467 0
4526 463 0
4485 468 0
4456 468 0
4417 477 0
4378 485 0
4334 499 0
4288 515 0
4237 538 0
4189 564 0
4142 597 0
4088 630 0
4035 670 0
3986 713 0
3939 763 0
3899 818 0
3863 878 0
3836 941 0
3816 1008 0
3808 1079 0
3811 1148 0
3826 1213 0
3853 1273 0
3894 1327 0
3946 1369 0
4005 1401 0
4072 1425 0
4143 1436 0
4210 1442 0
4278 1439 0
4337 1429 0
4392 1412 0
4437 1389 0
4470 1364 0
4495 1333 0
4508 1297 0
4509 1263 0
4491 1225 0
4464 1184 0
4423 1147 0
4370 1115 0
4308 1082 0
4241 1054 0
4171 1032 0
4106 1015 0
4051 1001 0
4000 999 0
3961 1003 0
3944 1012 0
3933 1041 0
3934 1075 0
3944 1112 13740
.PEN_UP
