.VERSION 1.0 0
.HIERARCHY CHARACTER
.COORD X Y T
.SEGMENT CHARACTER
.X_POINTS_PER_INCH 2500
.Y_POINTS_PER_INCH 2500
.POINTS_PER_SECOND 1200

.WRITER_ID 6
.AGE 29
.SEX MALE
.HAND RIGHT
.SKILL GOOD
.STYLE NORMAL
.COUNTRY  

.WRITER_INFO
 WriterName:DINESH
 WriterTrailNo:0
 WriterProfession:

 WritingSetup:SOFTWARE

 WritingFrequency:Rarely
 WritingInProfession:No
 WritingFile:dcpath
.PEN_DOWN
4051 264 13409
4054 261 0
4055 261 0
4055 258 0
4054 258 0
4053 256 0
4051 255 0
4049 255 0
4048 255 0
4046 253 0
4045 251 0
4045 251 0
4044 250 0
4044 247 0
4043 247 0
4041 246 0
4039 245 0
4036 242 0
4031 240 0
4026 237 0
4020 236 0
4012 233 0
4002 233 0
3992 233 0
3980 233 0
3969 236 0
3956 237 0
3942 242 0
3926 249 0
3913 255 0
3896 264 0
3884 274 0
3868 286 0
3856 301 0
3843 318 0
3831 334 0
3819 351 0
3806 370 0
3792 390 0
3782 412 0
3768 435 0
3755 460 0
3740 487 0
3726 513 0
3712 538 0
3699 566 0
3686 594 0
3671 621 0
3660 652 0
3638 677 0
3613 703 0
3594 728 0
3572 755 0
3558 780 0
3538 807 0
3528 833 0
3511 861 0
3511 888 0
3511 914 0
3511 941 0
3511 968 0
3511 996 0
3511 1024 0
3511 1051 0
3511 1081 0
3511 1113 0
3511 1144 0
3511 1176 0
3524 1206 0
3539 1237 0
3561 1265 0
3580 1292 0
3606 1316 0
3632 1337 0
3665 1358 0
3699 1372 0
3725 1389 0
3753 1399 0
3781 1408 0
3809 1413 0
3840 1414 0
3872 1416 0
3903 1413 0
3933 1409 0
3962 1404 0
3989 1396 0
4013 1386 0
4035 1377 0
4053 1366 0
4068 1348 0
4081 1333 0
4092 1315 0
4101 1294 0
4109 1271 0
4115 1246 0
4118 1220 0
4119 1192 0
4120 1166 0
4118 1138 0
4112 1110 0
4102 1084 0
4091 1060 0
4076 1039 0
4055 1019 0
4032 999 0
4006 982 0
3978 967 0
3947 953 0
3914 939 0
3881 926 0
3845 917 0
3809 908 0
3768 904 0
3721 907 0
3676 912 0
3636 922 0
3599 936 0
3561 960 0
3528 986 0
3505 1013 0
3483 1039 38465
.PEN_UP
