.VERSION 1.0 0
.HIERARCHY CHARACTER
.COORD X Y T
.SEGMENT CHARACTER
.X_POINTS_PER_INCH 2500
.Y_POINTS_PER_INCH 2500
.POINTS_PER_SECOND 1200

.WRITER_ID 6
.AGE 29
.SEX MALE
.HAND RIGHT
.SKILL GOOD
.STYLE NORMAL
.COUNTRY  

.WRITER_INFO
 WriterName:DINESH
 WriterTrailNo:1
 WriterProfession:

 WritingSetup:SOFTWARE

 WritingFrequency:Rarely
 WritingInProfession:No
 WritingFile:dcpath
.PEN_DOWN
3778 550 3085
3770 552 0
3768 546 0
3761 547 0
3761 535 0
3754 529 0
3755 515 0
3754 504 0
3759 487 0
3764 471 0
3775 449 0
3789 430 0
3810 410 0
3830 389 0
3857 373 0
3885 361 0
3914 351 0
3946 344 0
3972 344 0
3999 350 0
4023 357 0
4047 371 0
4070 387 0
4091 406 0
4105 430 0
4117 457 0
4124 485 0
4126 519 0
4122 559 0
4111 598 0
4093 640 0
4068 684 0
4039 728 0
4005 771 0
3974 811 0
3939 846 0
3906 876 0
3877 903 0
3848 924 0
3825 943 0
3806 957 0
3788 968 0
3774 976 0
3765 982 0
3760 984 0
3756 986 0
3757 986 0
3763 984 0
3774 980 0
3789 976 0
3810 971 0
3833 966 0
3862 961 0
3895 954 0
3930 953 0
3966 952 0
4003 956 0
4040 963 0
4074 971 0
4108 982 0
4139 995 0
4162 1012 0
4183 1031 0
4201 1052 0
4213 1073 0
4217 1096 0
4218 1121 0
4213 1148 0
4203 1178 0
4190 1206 0
4169 1234 0
4144 1263 0
4116 1294 0
4086 1325 0
4051 1356 0
4017 1384 0
3980 1414 0
3942 1438 0
3904 1456 0
3867 1473 0
3829 1486 0
3789 1499 0
3741 1505 0
3695 1508 0
3649 1507 0
3602 1507 0
3554 1502 0
3506 1493 0
3460 1479 0
3418 1465 0
3393 1447 0
3370 1426 0
3351 1415 0
3351 1396 0
3361 1377 0
3381 1360 8342
.PEN_UP
