.VERSION 1.0 0
.HIERARCHY CHARACTER
.COORD X Y T
.SEGMENT CHARACTER
.X_POINTS_PER_INCH 2500
.Y_POINTS_PER_INCH 2500
.POINTS_PER_SECOND 1200

.WRITER_ID 6
.AGE 29
.SEX MALE
.HAND RIGHT
.SKILL GOOD
.STYLE NORMAL
.COUNTRY  

.WRITER_INFO
 WriterName:DINESH
 WriterTrailNo:1
 WriterProfession:

 WritingSetup:SOFTWARE

 WritingFrequency:Rarely
 WritingInProfession:No
 WritingFile:dcpath
.PEN_DOWN
3543 429 3085
3534 420 0
3527 410 0
3515 404 0
3504 397 0
3487 395 0
3471 390 0
3449 390 0
3424 389 0
3393 394 0
3356 394 0
3316 402 0
3274 410 0
3230 421 0
3187 431 0
3141 447 0
3101 458 0
3063 472 0
3031 491 0
3001 512 0
2975 532 0
2956 555 0
2939 578 0
2926 601 0
2917 625 0
2911 653 0
2909 676 0
2913 702 0
2922 726 0
2937 750 0
2958 776 0
2986 797 0
3021 818 0
3063 834 0
3114 843 0
3169 848 0
3227 845 0
3288 837 0
3352 823 0
3410 804 0
3465 782 0
3508 755 0
3550 728 0
3582 700 0
3606 672 0
3624 646 0
3632 621 0
3637 597 0
3639 575 0
3641 557 0
3637 541 0
3632 532 0
3628 523 0
3625 518 0
3623 512 0
3623 512 0
3621 512 0
3620 510 0
3620 510 0
3620 512 0
3621 512 0
3621 512 0
3623 513 0
3624 517 0
3625 523 0
3627 531 0
3628 541 0
3628 554 0
3628 572 0
3629 592 0
3629 617 0
3628 646 0
3630 679 0
3628 717 0
3630 762 0
3628 815 0
3628 874 0
3630 934 0
3630 998 0
3632 1063 0
3632 1125 0
3632 1184 0
3632 1239 0
3632 1286 0
3634 1331 0
3630 1369 0
3630 1401 0
3628 1429 0
3625 1453 0
3623 1476 0
3618 1493 0
3616 1507 0
3614 1518 0
3611 1526 0
3611 1532 0
3611 1535 0
3611 1537 0
3615 1535 0
3614 1532 0
3619 1523 0
3618 1523 0
3618 1517 0
3616 1513 18727
.PEN_UP
