.VERSION 1.0 0
.HIERARCHY CHARACTER
.COORD X Y T
.SEGMENT CHARACTER
.X_POINTS_PER_INCH 2500
.Y_POINTS_PER_INCH 2500
.POINTS_PER_SECOND 1200

.WRITER_ID 6
.AGE 29
.SEX MALE
.HAND RIGHT
.SKILL GOOD
.STYLE NORMAL
.COUNTRY  

.WRITER_INFO
 WriterName:DINESH
 WriterTrailNo:0
 WriterProfession:

 WritingSetup:SOFTWARE

 WritingFrequency:Rarely
 WritingInProfession:No
 WritingFile:dcpath
.PEN_DOWN
3693 541 13409
3684 528 0
3676 522 0
3670 513 0
3661 508 0
3656 497 0
3650 494 0
3646 485 0
3638 482 0
3631 477 0
3623 474 0
3613 473 0
3597 472 0
3583 469 0
3559 469 0
3535 468 0
3503 471 0
3473 474 0
3433 480 0
3394 483 0
3355 496 0
3315 510 0
3278 528 0
3245 550 0
3217 575 0
3192 599 0
3171 630 0
3159 664 0
3152 698 0
3152 732 0
3161 769 0
3177 802 0
3199 837 0
3231 862 0
3271 884 0
3318 897 0
3369 903 0
3422 900 0
3468 893 0
3519 875 0
3563 853 0
3603 830 0
3636 806 0
3664 778 0
3685 754 0
3703 728 0
3722 705 0
3731 684 0
3739 661 0
3748 639 0
3751 619 0
3753 602 0
3753 583 0
3750 564 0
3746 550 0
3741 545 0
3735 539 0
3728 541 0
3723 543 0
3717 550 0
3712 562 0
3709 576 0
3707 593 0
3706 608 0
3706 625 0
3706 641 0
3707 662 0
3709 684 0
3711 710 0
3712 740 0
3713 775 0
3714 815 0
3717 857 0
3721 904 0
3725 954 0
3728 1005 0
3734 1057 0
3737 1111 0
3741 1162 0
3744 1208 0
3748 1247 0
3748 1289 0
3748 1328 0
3748 1365 0
3746 1400 0
3742 1431 0
3740 1465 0
3737 1500 0
3735 1539 0
3732 1572 0
3730 1604 0
3728 1632 0
3727 1658 0
3727 1676 0
3731 1687 0
3735 1690 0
3744 1685 0
3750 1680 0
3765 1662 0
3777 1646 0
3787 1629 0
3797 1615 46236
.PEN_UP
