.VERSION 1.0 0
.HIERARCHY CHARACTER
.COORD X Y T
.SEGMENT CHARACTER
.X_POINTS_PER_INCH 2500
.Y_POINTS_PER_INCH 2500
.POINTS_PER_SECOND 1200

.WRITER_ID 6
.AGE 29
.SEX MALE
.HAND RIGHT
.SKILL GOOD
.STYLE NORMAL
.COUNTRY  

.WRITER_INFO
 WriterName:DINESH
 WriterTrailNo:1
 WriterProfession:

 WritingSetup:SOFTWARE

 WritingFrequency:Rarely
 WritingInProfession:No
 WritingFile:dcpath
.PEN_DOWN
3482 565 3085
3464 561 0
3446 564 0
3436 565 0
3422 572 0
3424 570 0
3427 570 0
3445 563 0
3465 552 0
3496 538 0
3501 538 0
3522 528 0
3549 520 0
3577 509 0
3610 500 0
3643 490 0
3681 480 0
3721 468 0
3760 457 0
3798 447 0
3839 438 0
3877 426 0
3915 416 0
3950 407 0
3985 398 0
4018 392 0
4046 385 0
4072 380 0
4093 376 0
4111 373 0
4125 370 0
4136 367 0
4144 365 0
4148 365 0
4150 365 0
4152 370 0
4150 375 0
4148 381 0
4139 395 0
4130 415 0
4117 443 0
4103 480 0
4083 522 0
4060 574 0
4033 631 0
4004 697 0
3972 768 0
3942 847 0
3909 922 0
3877 996 0
3845 1074 0
3817 1146 0
3792 1212 0
3766 1272 0
3745 1328 0
3724 1374 0
3707 1416 0
3693 1448 0
3680 1475 0
3672 1493 0
3666 1503 0
3661 1512 0
3666 1510 0
3668 1509 0
3674 1504 0
3680 1498 15412
.PEN_UP
