.VERSION 1.0 0
.HIERARCHY CHARACTER
.COORD X Y T
.SEGMENT CHARACTER
.X_POINTS_PER_INCH 2500
.Y_POINTS_PER_INCH 2500
.POINTS_PER_SECOND 1200

.WRITER_ID 6
.AGE 29
.SEX MALE
.HAND RIGHT
.SKILL GOOD
.STYLE NORMAL
.COUNTRY  

.WRITER_INFO
 WriterName:DINESH
 WriterTrailNo:1
 WriterProfession:

 WritingSetup:SOFTWARE

 WritingFrequency:Rarely
 WritingInProfession:No
 WritingFile:dcpath
.PEN_DOWN
4003 347 3085
4013 330 0
4018 316 0
4025 300 0
4028 286 0
4032 273 0
4031 264 0
4031 256 0
4028 249 0
4022 246 0
4016 244 0
4004 244 0
3995 245 0
3979 250 0
3965 255 0
3946 264 0
3929 273 0
3909 284 0
3890 299 0
3871 315 0
3852 332 0
3799 387 0
3771 435 0
3751 486 0
3737 550 0
3731 611 0
3730 676 0
3733 741 0
3738 805 0
3746 869 0
3759 929 0
3771 987 0
3788 1035 0
3811 1079 0
3836 1120 0
3866 1149 0
3904 1175 0
3946 1193 0
3990 1202 0
4039 1202 0
4087 1200 0
4134 1195 0
4181 1183 0
4222 1171 0
4261 1151 0
4293 1128 0
4320 1102 0
4351 1070 0
4368 1031 0
4395 993 0
4416 952 0
4435 903 0
4452 857 0
4467 806 0
4481 755 0
4484 705 0
4484 703 0
4489 677 0
4489 652 0
4481 624 0
4475 592 0
4468 563 0
4459 531 0
4447 503 0
4431 471 0
4412 441 0
4388 411 0
4361 385 0
4330 356 0
4294 330 0
4256 307 0
4213 286 0
4171 268 0
4130 253 0
4089 240 0
4051 231 0
4014 228 0
3981 225 3545
.PEN_UP
