.VERSION 1.0 0
.HIERARCHY CHARACTER
.COORD X Y T
.SEGMENT CHARACTER
.X_POINTS_PER_INCH 2500
.Y_POINTS_PER_INCH 2500
.POINTS_PER_SECOND 1200

.WRITER_ID 6
.AGE 29
.SEX MALE
.HAND RIGHT
.SKILL GOOD
.STYLE NORMAL
.COUNTRY  

.WRITER_INFO
 WriterName:DINESH
 WriterTrailNo:1
 WriterProfession:

 WritingSetup:SOFTWARE

 WritingFrequency:Rarely
 WritingInProfession:No
 WritingFile:dcpath
.PEN_DOWN
3894 938 3085
3888 941 0
3882 948 0
3882 950 0
3876 956 0
3880 953 0
3880 953 0
3888 943 0
3896 934 0
3914 919 0
3932 902 0
3955 876 0
3981 850 0
4013 818 0
4045 783 0
4075 750 0
4107 716 0
4135 684 0
4159 652 0
4178 626 0
4196 605 0
4213 587 0
4227 569 0
4239 555 0
4252 543 0
4265 532 0
4276 520 0
4285 514 0
4294 506 0
4300 500 0
4304 495 0
4306 495 0
4306 495 0
4306 495 0
4304 500 0
4303 503 0
4303 509 0
4302 514 0
4300 523 0
4299 531 0
4297 542 0
4297 555 0
4294 570 0
4293 588 0
4292 609 0
4288 633 0
4283 661 0
4279 691 0
4275 725 0
4270 763 0
4266 801 0
4262 843 0
4257 880 0
4255 924 0
4252 971 0
4251 1019 0
4250 1064 0
4248 1109 0
4247 1153 0
4246 1198 0
4245 1246 0
4243 1286 0
4242 1325 0
4239 1362 0
4238 1397 0
4236 1433 0
4233 1463 0
4232 1489 0
4229 1516 0
4228 1537 0
4227 1556 0
4227 1574 0
4227 1586 0
4225 1597 0
4224 1609 0
4222 1619 0
4218 1632 0
4215 1644 0
4211 1656 0
4209 1670 0
4206 1683 0
4205 1694 0
4205 1704 0
4206 1712 0
4208 1718 0
4210 1722 0
4211 1725 0
4213 1725 0
4214 1726 0
4215 1726 0
4215 1727 0
4214 1727 0
4215 1727 0
4213 1731 0
4218 1726 0
4217 1727 0
4214 1726 0
4213 1722 5248
.PEN_UP
