.VERSION 1.0 0
.HIERARCHY CHARACTER
.COORD X Y T
.SEGMENT CHARACTER
.X_POINTS_PER_INCH 2500
.Y_POINTS_PER_INCH 2500
.POINTS_PER_SECOND 1200

.WRITER_ID 6
.AGE 29
.SEX MALE
.HAND RIGHT
.SKILL GOOD
.STYLE NORMAL
.COUNTRY  

.WRITER_INFO
 WriterName:DINESH
 WriterTrailNo:1
 WriterProfession:

 WritingSetup:SOFTWARE

 WritingFrequency:Rarely
 WritingInProfession:No
 WritingFile:dcpath
.PEN_DOWN
4002 501 3085
3985 500 0
3966 502 0
3958 497 0
3950 498 0
3956 491 0
3961 487 0
3980 476 0
4000 468 0
4028 456 0
4058 446 0
4091 436 0
4122 427 0
4152 421 0
4181 418 0
4208 416 0
4231 414 0
4250 416 0
4269 418 0
4285 419 0
4302 418 0
4314 417 0
4321 414 0
4327 409 0
4328 404 0
4323 399 0
4314 393 0
4295 389 0
4271 388 0
4242 389 0
4210 394 0
4171 400 0
4131 408 0
4089 417 0
4047 427 0
4007 436 0
3970 446 0
3934 456 0
3905 463 0
3880 469 0
3857 476 0
3838 481 0
3826 486 0
3817 488 0
3811 491 0
3807 492 0
3803 495 0
3801 497 0
3796 500 0
3794 505 0
3791 511 0
3785 519 0
3782 530 0
3777 542 0
3771 553 0
3768 570 0
3764 588 0
3760 607 0
3759 629 0
3757 651 0
3756 677 0
3755 704 0
3754 732 0
3754 762 0
3750 794 0
3746 824 0
3742 855 0
3738 885 0
3735 912 0
3731 937 0
3727 963 0
3726 983 0
3724 1005 0
3723 1021 0
3723 1035 0
3723 1047 0
3721 1058 0
3721 1066 0
3719 1072 0
3719 1075 0
3719 1077 0
3722 1077 0
3724 1077 0
3728 1075 0
3736 1071 0
3745 1066 0
3756 1059 0
3771 1052 0
3789 1044 0
3813 1036 0
3840 1029 0
3874 1021 0
3911 1016 0
3952 1012 0
3994 1011 0
4032 1014 0
4072 1017 0
4106 1026 0
4135 1039 0
4161 1054 0
4180 1071 0
4195 1089 0
4208 1104 0
4217 1127 0
4219 1149 0
4218 1172 0
4214 1193 0
4204 1218 0
4189 1242 0
4168 1267 0
4148 1297 0
4120 1320 0
4088 1342 0
4051 1365 0
4012 1387 0
3967 1406 0
3923 1425 0
3873 1442 0
3822 1453 0
3769 1462 0
3714 1470 0
3660 1470 0
3601 1467 0
3543 1460 0
3487 1450 0
3435 1436 0
3385 1420 0
3343 1406 0
3316 1383 0
3298 1372 0
3296 1355 0
3304 1341 0
3321 1327 12198
.PEN_UP
