.VERSION 1.0 0
.HIERARCHY CHARACTER
.COORD X Y T
.SEGMENT CHARACTER
.X_POINTS_PER_INCH 2500
.Y_POINTS_PER_INCH 2500
.POINTS_PER_SECOND 1200

.WRITER_ID 6
.AGE 29
.SEX MALE
.HAND RIGHT
.SKILL GOOD
.STYLE NORMAL
.COUNTRY  

.WRITER_INFO
 WriterName:DINESH
 WriterTrailNo:0
 WriterProfession:

 WritingSetup:SOFTWARE

 WritingFrequency:Rarely
 WritingInProfession:No
 WritingFile:dcpath
.PEN_DOWN
3602 361 13409
3604 356 0
3606 350 0
3606 346 0
3606 339 0
3605 334 0
3605 329 0
3604 325 0
3601 323 0
3598 320 0
3597 318 0
3593 316 0
3587 316 0
3582 314 0
3575 315 0
3568 316 0
3560 316 0
3550 316 0
3541 319 0
3528 320 0
3518 324 0
3504 328 0
3493 334 0
3476 339 0
3462 348 0
3445 357 0
3428 371 0
3408 383 0
3391 397 0
3373 427 0
3350 461 0
3323 497 0
3306 530 0
3286 564 0
3276 596 0
3266 627 0
3268 655 0
3262 681 0
3257 708 0
3254 737 0
3251 766 0
3250 799 0
3248 827 0
3246 862 0
3245 892 0
3243 925 0
3241 960 0
3240 991 0
3241 1022 0
3244 1054 0
3249 1080 0
3255 1106 0
3266 1131 0
3276 1155 0
3288 1178 0
3299 1200 0
3313 1220 0
3324 1239 0
3338 1258 0
3352 1279 0
3366 1295 0
3384 1312 0
3401 1319 0
3421 1331 0
3442 1336 0
3463 1338 0
3484 1341 0
3507 1341 0
3523 1342 0
3544 1345 0
3556 1351 0
3572 1354 0
3590 1359 0
3611 1365 0
3630 1365 0
3651 1359 0
3676 1352 0
3699 1338 0
3729 1322 0
3757 1303 0
3778 1281 0
3799 1260 0
3817 1239 0
3833 1221 0
3851 1205 0
3863 1188 0
3875 1167 0
3888 1145 0
3903 1126 0
3915 1101 0
3930 1073 0
3943 1041 0
3957 1008 0
3970 975 0
3981 943 0
3988 913 0
3993 881 0
3995 855 0
3993 830 0
3989 806 0
3981 782 0
3972 755 0
3963 728 0
3956 697 0
3956 694 0
3943 663 0
3944 661 0
3939 639 0
3934 616 0
3926 596 0
3916 576 0
3907 555 0
3896 534 0
3883 516 0
3868 497 0
3854 479 0
3838 463 0
3820 449 0
3801 436 0
3780 426 0
3760 413 0
3740 405 0
3721 399 0
3699 394 0
3680 389 0
3665 385 0
3649 383 0
3637 380 14190
.PEN_UP
