.VERSION 1.0 0
.HIERARCHY CHARACTER
.COORD X Y T
.SEGMENT CHARACTER
.X_POINTS_PER_INCH 2500
.Y_POINTS_PER_INCH 2500
.POINTS_PER_SECOND 1200

.WRITER_ID 6
.AGE 29
.SEX MALE
.HAND RIGHT
.SKILL GOOD
.STYLE NORMAL
.COUNTRY  

.WRITER_INFO
 WriterName:DINESH
 WriterTrailNo:1
 WriterProfession:

 WritingSetup:SOFTWARE

 WritingFrequency:Rarely
 WritingInProfession:No
 WritingFile:dcpath
.PEN_DOWN
3582 568 3085
3555 570 0
3524 577 0
3490 584 0
3457 602 0
3433 617 0
3407 642 0
3399 663 0
3391 690 0
3399 713 0
3413 741 0
3441 765 0
3473 791 0
3508 813 0
3548 837 0
3590 856 0
3629 876 0
3668 899 0
3703 922 0
3731 945 0
3754 970 0
3773 996 0
3785 1027 0
3789 1063 0
3787 1097 0
3778 1135 0
3763 1172 0
3741 1212 0
3717 1253 0
3689 1292 0
3660 1329 0
3630 1361 0
3597 1388 0
3560 1407 0
3522 1421 0
3479 1428 0
3433 1424 0
3387 1408 0
3342 1387 0
3300 1355 0
3268 1322 0
3249 1283 0
3244 1243 0
3254 1199 0
3278 1156 0
3318 1114 0
3363 1075 0
3417 1037 0
3466 1000 0
3515 964 0
3562 927 0
3604 889 0
3639 848 0
3671 808 0
3691 767 0
3704 723 0
3710 679 0
3707 635 0
3693 593 0
3674 557 0
3646 529 0
3611 509 0
3574 495 0
3538 492 0
3504 501 0
3475 526 0
3456 559 0
3442 597 0
3435 638 16844
.PEN_UP
