.VERSION 1.0 0
.HIERARCHY CHARACTER
.COORD X Y T
.SEGMENT CHARACTER
.X_POINTS_PER_INCH 2500
.Y_POINTS_PER_INCH 2500
.POINTS_PER_SECOND 1200

.WRITER_ID 6
.AGE 29
.SEX MALE
.HAND RIGHT
.SKILL GOOD
.STYLE NORMAL
.COUNTRY  

.WRITER_INFO
 WriterName:DINESH
 WriterTrailNo:0
 WriterProfession:

 WritingSetup:SOFTWARE

 WritingFrequency:Rarely
 WritingInProfession:No
 WritingFile:dcpath
.PEN_DOWN
3450 501 13409
3431 500 0
3427 491 0
3411 492 0
3413 491 0
3402 487 0
3403 487 0
3384 487 0
3380 482 0
3379 482 0
3381 477 0
3386 473 0
3390 472 0
3400 469 0
3416 467 0
3428 467 0
3447 464 0
3472 462 0
3501 458 0
3531 455 0
3567 450 0
3605 448 0
3647 444 0
3686 440 0
3732 437 0
3777 431 0
3823 423 0
3871 418 0
3917 412 0
3962 404 0
4003 398 0
4045 392 0
4083 385 0
4118 377 0
4149 372 0
4177 367 0
4204 362 0
4227 357 0
4246 353 0
4263 348 0
4278 343 0
4291 341 0
4301 338 0
4308 337 0
4313 335 0
4317 334 0
4320 333 0
4321 333 0
4321 334 0
4321 335 0
4321 337 0
4320 339 0
4318 343 0
4316 351 0
4302 379 0
4291 404 0
4278 437 0
4259 485 0
4236 539 0
4205 606 0
4175 677 0
4144 750 0
4110 824 0
4077 895 0
4045 964 0
4016 1027 0
3988 1081 0
3965 1131 0
3945 1176 0
3928 1215 0
3914 1249 0
3905 1277 0
3899 1300 0
3894 1314 0
3890 1329 0
3887 1339 0
3885 1342 0
3882 1342 0
3882 1338 0
3879 1337 0
3884 1321 0
3889 1312 0
3896 1302 0
3905 1288 42200
.PEN_UP
