.VERSION 1.0 0
.HIERARCHY CHARACTER
.COORD X Y T
.SEGMENT CHARACTER
.X_POINTS_PER_INCH 2500
.Y_POINTS_PER_INCH 2500
.POINTS_PER_SECOND 1200

.WRITER_ID 6
.AGE 29
.SEX MALE
.HAND RIGHT
.SKILL GOOD
.STYLE NORMAL
.COUNTRY  

.WRITER_INFO
 WriterName:DINESH
 WriterTrailNo:0
 WriterProfession:

 WritingSetup:SOFTWARE

 WritingFrequency:Rarely
 WritingInProfession:No
 WritingFile:dcpath
.PEN_DOWN
3728 625 13409
3727 621 0
3722 621 0
3721 612 0
3717 615 0
3717 607 0
3713 608 0
3713 607 0
3711 611 0
3709 615 0
3707 622 0
3707 631 0
3706 645 0
3706 661 0
3704 680 0
3703 699 0
3702 724 0
3702 749 0
3700 778 0
3700 810 0
3699 842 0
3699 872 0
3699 905 0
3700 937 0
3699 969 0
3698 1001 0
3697 1033 0
3694 1066 0
3690 1098 0
3686 1132 0
3683 1167 0
3678 1201 0
3674 1237 0
3670 1273 0
3667 1310 0
3665 1348 0
3665 1385 0
3664 1417 0
3662 1449 0
3664 1482 0
3664 1510 0
3665 1533 0
3666 1555 0
3667 1570 0
3667 1585 0
3667 1594 0
3669 1606 0
3667 1613 0
3666 1621 0
3666 1625 0
3664 1630 0
3661 1632 0
3659 1634 0
3656 1632 0
3655 1631 0
3652 1629 0
3652 1622 0
3650 1620 0
3653 1608 0
3657 1602 0
3662 1594 0
3669 1583 15872
.PEN_UP
