.VERSION 1.0 0
.HIERARCHY CHARACTER
.COORD X Y T
.SEGMENT CHARACTER
.X_POINTS_PER_INCH 2500
.Y_POINTS_PER_INCH 2500
.POINTS_PER_SECOND 1200

.WRITER_ID 3
.AGE 31
.SEX MALE
.HAND RIGHT
.SKILL OK
.STYLE NORMAL
.COUNTRY  
.WRITER_INFO
 WriterName:THANIGAI MURUGAN K
 WriterTrailNo:1
 WriterProfession:SOFTWARE
 WritingSetup:TABLETPC
 WritingFrequency:Everyday
 WritingInProfession:No
 WritingFile:dcpath
.PEN_DOWN
4134 447 1653
4122 424 0
4119 395 0
4116 376 0
4112 369 0
4111 370 0
4108 384 0
4108 406 0
4103 436 0
4101 475 0
4093 519 0
4084 569 0
4069 623 0
4051 672 0
4028 727 0
4003 778 0
3972 832 0
3946 876 0
3918 919 0
3896 953 0
3876 984 0
3862 1004 0
3853 1018 0
3849 1021 0
3849 1018 0
3855 1007 0
3866 994 0
3885 977 0
3911 962 0
3944 948 0
3988 934 0
4036 921 0
4091 912 0
4148 906 0
4204 904 0
4260 903 0
4313 906 0
4361 912 0
4403 919 0
4442 927 0
4472 936 0
4498 945 0
4519 952 0
4534 959 0
4546 966 0
4553 967 0
4553 967 0
4551 962 0
4545 957 0
4536 949 0
4522 939 0
4506 924 0
4486 907 0
4466 888 0
4445 874 0
4428 859 0
4412 846 0
4397 838 0
4384 838 0
4374 848 0
4363 873 0
4355 912 0
4344 966 0
4337 1028 0
4326 1102 0
4317 1180 0
4307 1258 0
4302 1331 0
4299 1399 0
4299 1462 0
4304 1510 0
4302 1556 0
4309 1590 0
4302 1624 0
4292 1657 0
4267 1688 6970
.PEN_UP
