.VERSION 1.0 0
.HIERARCHY CHARACTER
.COORD X Y T
.SEGMENT CHARACTER
.X_POINTS_PER_INCH 2500
.Y_POINTS_PER_INCH 2500
.POINTS_PER_SECOND 1200

.WRITER_ID 3
.AGE 31
.SEX MALE
.HAND RIGHT
.SKILL OK
.STYLE NORMAL
.COUNTRY  
.WRITER_INFO
 WriterName:THANIGAI MURUGAN K
 WriterTrailNo:0
 WriterProfession:SOFTWARE
 WritingSetup:TABLETPC
 WritingFrequency:Everyday
 WritingInProfession:No
 WritingFile:dcpath
.PEN_DOWN
4152 707 8672
4148 687 0
4142 667 0
4138 641 0
4129 617 0
4123 587 0
4110 560 0
4101 528 0
4087 501 0
4071 471 0
4049 441 0
4027 412 0
3999 388 0
3969 363 0
3934 344 0
3898 326 0
3858 315 0
3814 305 0
3769 304 0
3723 304 0
3686 309 0
3646 319 0
3609 334 0
3578 355 0
3552 381 0
3531 414 0
3517 454 0
3514 500 0
3510 548 0
3522 599 0
3539 650 0
3567 700 0
3605 749 0
3655 792 0
3711 830 0
3772 868 0
3833 909 0
3895 948 0
3955 986 0
4006 1028 0
4046 1073 0
4077 1122 0
4095 1175 0
4096 1226 0
4082 1277 0
4057 1325 0
4017 1367 0
3966 1402 0
3910 1427 0
3847 1440 0
3782 1444 0
3723 1440 0
3666 1427 0
3618 1405 0
3576 1381 0
3545 1351 0
3522 1319 0
3512 1286 0
3516 1251 0
3525 1212 0
3543 1169 0
3571 1122 0
3605 1081 0
3647 1042 0
3695 1000 0
3742 958 0
3793 918 0
3851 877 0
3908 839 0
3961 811 0
4018 777 0
4062 752 0
4110 724 0
4147 709 0
4177 698 20580
.PEN_UP
