.VERSION 1.0 0
.HIERARCHY CHARACTER
.COORD X Y T
.SEGMENT CHARACTER
.X_POINTS_PER_INCH 2500
.Y_POINTS_PER_INCH 2500
.POINTS_PER_SECOND 1200

.WRITER_ID 3
.AGE 31
.SEX MALE
.HAND RIGHT
.SKILL OK
.STYLE NORMAL
.COUNTRY  
.WRITER_INFO
 WriterName:THANIGAI MURUGAN K
 WriterTrailNo:0
 WriterProfession:SOFTWARE
 WritingSetup:TABLETPC
 WritingFrequency:Everyday
 WritingInProfession:No
 WritingFile:dcpath
.PEN_DOWN
4191 644 8672
4177 625 0
4163 603 0
4149 582 0
4132 561 0
4114 539 0
4087 522 0
4058 502 0
4020 490 0
3978 476 0
3926 469 0
3867 464 0
3805 463 0
3740 465 0
3671 471 0
3601 483 0
3530 500 0
3466 522 0
3408 547 0
3365 580 0
3336 615 0
3320 649 0
3324 685 0
3344 717 0
3380 747 0
3430 770 0
3486 789 0
3552 801 0
3620 809 0
3693 812 0
3764 810 0
3838 803 0
3906 795 0
3971 780 0
4032 765 0
4085 747 0
4124 727 0
4151 708 0
4167 689 0
4174 668 0
4172 652 0
4163 635 0
4151 621 0
4138 608 0
4121 601 0
4107 601 0
4093 608 0
4082 625 0
4072 654 0
4063 692 0
4057 745 0
4055 806 0
4055 879 0
4057 953 0
4059 1029 0
4063 1106 0
4065 1181 0
4068 1252 0
4068 1320 0
4067 1386 0
4062 1451 0
4053 1518 0
4046 1580 0
4030 1650 0
4018 1713 0
4006 1769 0
3989 1816 21791
.PEN_UP
