.VERSION 1.0 0
.HIERARCHY CHARACTER
.COORD X Y T
.SEGMENT CHARACTER
.X_POINTS_PER_INCH 2500
.Y_POINTS_PER_INCH 2500
.POINTS_PER_SECOND 1200

.WRITER_ID 3
.AGE 31
.SEX MALE
.HAND RIGHT
.SKILL OK
.STYLE NORMAL
.COUNTRY  
.WRITER_INFO
 WriterName:THANIGAI MURUGAN K
 WriterTrailNo:0
 WriterProfession:SOFTWARE
 WritingSetup:TABLETPC
 WritingFrequency:Everyday
 WritingInProfession:No
 WritingFile:dcpath
.PEN_DOWN
3576 650 8672
3575 641 0
3577 639 0
3575 643 0
3576 647 0
3572 656 0
3573 663 0
3567 671 0
3568 676 0
3562 678 0
3559 677 0
3550 671 0
3548 658 0
3536 643 0
3530 622 0
3524 599 0
3521 571 0
3524 570 0
3528 557 0
3530 545 0
3536 531 0
3548 517 0
3558 508 0
3576 497 0
3603 483 0
3648 471 0
3700 465 0
3753 468 0
3806 473 0
3857 481 0
3904 494 0
3943 504 0
3971 515 0
3994 524 0
4011 529 0
4022 533 0
4030 533 0
4031 529 0
4030 522 0
4025 513 0
4017 499 0
4006 488 0
4006 490 0
3994 477 0
3980 476 0
3966 482 0
3955 504 0
3940 539 0
3924 597 0
3910 668 0
3899 755 0
3889 849 0
3882 944 0
3876 1043 0
3872 1134 0
3871 1215 0
3873 1283 0
3875 1339 0
3877 1384 0
3877 1418 0
3872 1447 0
3870 1463 0
3859 1481 0
3856 1492 0
3853 1498 0
3852 1500 19238
.PEN_UP
