.VERSION 1.0 0
.HIERARCHY CHARACTER
.COORD X Y T
.SEGMENT CHARACTER
.X_POINTS_PER_INCH 2500
.Y_POINTS_PER_INCH 2500
.POINTS_PER_SECOND 1200

.WRITER_ID 3
.AGE 31
.SEX MALE
.HAND RIGHT
.SKILL OK
.STYLE NORMAL
.COUNTRY  
.WRITER_INFO
 WriterName:THANIGAI MURUGAN K
 WriterTrailNo:1
 WriterProfession:SOFTWARE
 WritingSetup:TABLETPC
 WritingFrequency:Everyday
 WritingInProfession:No
 WritingFile:dcpath
.PEN_DOWN
3869 666 1653
3864 662 0
3860 660 0
3854 660 0
3860 652 0
3864 652 0
3880 646 0
3897 640 0
3923 630 0
3955 620 0
3986 607 0
4021 593 0
4054 578 0
4084 564 0
4108 547 0
4124 529 0
4136 514 0
4138 498 0
4136 484 0
4130 471 0
4122 459 0
4112 453 0
4105 449 0
4098 453 0
4094 464 0
4093 487 0
4096 523 0
4101 570 0
4106 625 0
4112 693 0
4120 759 0
4128 833 0
4136 901 0
4140 967 0
4143 1026 0
4143 1078 0
4143 1119 0
4142 1153 0
4139 1186 0
4140 1204 0
4140 1223 0
4142 1235 0
4144 1241 0
4147 1243 3055
.PEN_UP
.PEN_DOWN
3722 1382 1653
3703 1382 0
3689 1378 0
3698 1369 0
3705 1364 0
3733 1352 0
3773 1346 0
3831 1336 0
3899 1325 0
3977 1317 0
4059 1310 0
4140 1305 0
4209 1304 0
4276 1304 0
4323 1304 0
4365 1306 0
4393 1304 0
4402 1308 0
4426 1301 0
4431 1301 0
4438 1296 0
4437 1291 3325
.PEN_UP
