.VERSION 1.0 0
.HIERARCHY CHARACTER
.COORD X Y T
.SEGMENT CHARACTER
.X_POINTS_PER_INCH 2500
.Y_POINTS_PER_INCH 2500
.POINTS_PER_SECOND 1200

.WRITER_ID 3
.AGE 31
.SEX MALE
.HAND RIGHT
.SKILL OK
.STYLE NORMAL
.COUNTRY  
.WRITER_INFO
 WriterName:THANIGAI MURUGAN K
 WriterTrailNo:1
 WriterProfession:SOFTWARE
 WritingSetup:TABLETPC
 WritingFrequency:Everyday
 WritingInProfession:No
 WritingFile:dcpath
.PEN_DOWN
3883 533 1653
3876 523 0
3871 513 0
3859 501 0
3849 490 0
3834 480 0
3819 468 0
3796 463 0
3768 455 0
3742 452 0
3713 453 0
3653 468 0
3605 487 0
3552 522 0
3502 568 0
3454 628 0
3414 699 0
3384 774 0
3367 856 0
3356 934 0
3351 1007 0
3354 1075 0
3363 1135 0
3385 1189 0
3409 1232 0
3442 1266 0
3471 1296 0
3511 1315 0
3555 1328 0
3601 1334 0
3648 1338 0
3695 1338 0
3740 1333 0
3788 1328 0
3839 1310 0
3886 1299 0
3928 1283 0
3967 1268 0
4002 1246 0
4036 1223 0
4064 1199 0
4084 1171 0
4102 1143 0
4116 1111 0
4124 1078 0
4125 1040 0
4122 998 0
4119 953 0
4110 902 0
4101 850 0
4086 796 0
4069 741 0
4047 686 0
4045 685 0
4030 661 0
4012 635 0
3993 614 0
3974 591 0
3951 577 0
3928 560 0
3892 542 0
3850 529 0
3815 526 0
3779 536 0
3746 555 0
3722 580 0
3703 609 2073
.PEN_UP
