.VERSION 1.0 0
.HIERARCHY CHARACTER
.COORD X Y T
.SEGMENT CHARACTER
.X_POINTS_PER_INCH 2500
.Y_POINTS_PER_INCH 2500
.POINTS_PER_SECOND 1200

.WRITER_ID 3
.AGE 31
.SEX MALE
.HAND RIGHT
.SKILL OK
.STYLE NORMAL
.COUNTRY  
.WRITER_INFO
 WriterName:THANIGAI MURUGAN K
 WriterTrailNo:0
 WriterProfession:SOFTWARE
 WritingSetup:TABLETPC
 WritingFrequency:Everyday
 WritingInProfession:No
 WritingFile:dcpath
.PEN_DOWN
3552 779 8672
3540 764 0
3533 749 0
3533 737 0
3547 718 0
3568 705 0
3606 692 0
3646 685 0
3697 678 0
3749 681 0
3806 685 0
3861 699 0
3912 717 0
3956 744 0
3989 775 0
4009 814 0
4016 860 0
4006 913 0
3980 968 0
3940 1024 0
3889 1079 0
3824 1131 0
3754 1180 0
3678 1224 0
3605 1259 0
3535 1288 0
3470 1310 0
3412 1330 0
3366 1343 0
3334 1354 0
3314 1362 0
3309 1370 0
3325 1375 0
3353 1379 0
3403 1382 0
3468 1382 0
3552 1381 0
3652 1379 0
3769 1375 0
3895 1370 0
4021 1365 0
4146 1361 0
4268 1358 0
4374 1358 0
4471 1361 0
4546 1363 0
4602 1366 0
4643 1370 0
4669 1374 0
4689 1375 0
4692 1380 0
4700 1376 0
4696 1380 0
4692 1379 0
4685 1376 11947
.PEN_UP
