.VERSION 1.0 0
.HIERARCHY CHARACTER
.COORD X Y T
.SEGMENT CHARACTER
.X_POINTS_PER_INCH 2500
.Y_POINTS_PER_INCH 2500
.POINTS_PER_SECOND 1200

.WRITER_ID 3
.AGE 31
.SEX MALE
.HAND RIGHT
.SKILL OK
.STYLE NORMAL
.COUNTRY  
.WRITER_INFO
 WriterName:THANIGAI MURUGAN K
 WriterTrailNo:0
 WriterProfession:SOFTWARE
 WritingSetup:TABLETPC
 WritingFrequency:Everyday
 WritingInProfession:No
 WritingFile:dcpath
.PEN_DOWN
3408 807 8672
3409 800 0
3408 797 0
3413 786 0
3430 777 0
3447 765 0
3474 751 0
3501 732 0
3533 709 0
3563 682 0
3592 652 0
3619 620 0
3643 587 0
3664 555 0
3681 519 0
3690 490 0
3700 459 0
3703 440 0
3707 417 0
3706 404 0
3707 392 0
3703 386 0
3700 389 0
3694 403 0
3694 426 0
3694 464 0
3700 515 0
3707 578 0
3714 648 0
3727 723 0
3740 800 0
3753 880 0
3764 955 0
3774 1025 0
3779 1087 0
3782 1144 0
3783 1195 0
3782 1245 0
3779 1287 0
3778 1326 0
3777 1358 0
3776 1385 0
3773 1408 0
3773 1422 0
3765 1437 0
3767 1439 0
3763 1440 0
3759 1440 0
3754 1439 10405
.PEN_UP
.PEN_DOWN
3177 1604 8672
3175 1604 0
3189 1602 0
3216 1595 0
3266 1589 0
3325 1590 0
3405 1586 0
3489 1588 0
3585 1586 0
3680 1585 0
3774 1585 0
3863 1585 0
3946 1585 0
4020 1581 0
4081 1580 0
4134 1571 0
4172 1567 0
4194 1560 0
4207 1548 0
4209 1533 10755
.PEN_UP
