.VERSION 1.0 0
.HIERARCHY CHARACTER
.COORD X Y T
.SEGMENT CHARACTER
.X_POINTS_PER_INCH 2500
.Y_POINTS_PER_INCH 2500
.POINTS_PER_SECOND 1200

.WRITER_ID 3
.AGE 31
.SEX MALE
.HAND RIGHT
.SKILL OK
.STYLE NORMAL
.COUNTRY  
.WRITER_INFO
 WriterName:THANIGAI MURUGAN K
 WriterTrailNo:1
 WriterProfession:SOFTWARE
 WritingSetup:TABLETPC
 WritingFrequency:Everyday
 WritingInProfession:No
 WritingFile:dcpath
.PEN_DOWN
4484 675 1653
4492 661 0
4498 646 0
4504 626 0
4504 609 0
4504 587 0
4498 569 0
4491 545 0
4476 524 0
4457 500 0
4429 482 0
4396 462 0
4359 448 0
4316 435 0
4264 427 0
4206 424 0
4144 427 0
4083 432 0
4023 447 0
3966 466 0
3914 490 0
3869 517 0
3836 547 0
3817 580 0
3811 611 0
3819 639 0
3839 666 0
3872 684 0
3914 698 0
3965 707 0
4017 711 0
4074 712 0
4128 709 0
4181 705 0
4228 698 0
4267 690 0
4302 679 0
4330 668 0
4350 657 0
4365 644 0
4375 630 0
4384 617 0
4388 605 0
4391 594 0
4395 586 0
4398 580 0
4403 578 0
4409 580 0
4416 589 0
4425 605 0
4431 631 0
4440 665 0
4445 711 0
4453 767 0
4457 831 0
4461 898 0
4461 972 0
4462 1041 0
4459 1110 0
4458 1172 0
4454 1225 0
4449 1264 0
4445 1301 0
4442 1331 0
4440 1351 0
4434 1373 0
4430 1382 0
4428 1382 0
4425 1382 13850
.PEN_UP
