.VERSION 1.0 0
.HIERARCHY CHARACTER
.COORD X Y T
.SEGMENT CHARACTER
.X_POINTS_PER_INCH 2500
.Y_POINTS_PER_INCH 2500
.POINTS_PER_SECOND 1200

.WRITER_ID 3
.AGE 31
.SEX MALE
.HAND RIGHT
.SKILL OK
.STYLE NORMAL
.COUNTRY  
.WRITER_INFO
 WriterName:THANIGAI MURUGAN K
 WriterTrailNo:1
 WriterProfession:SOFTWARE
 WritingSetup:TABLETPC
 WritingFrequency:Everyday
 WritingInProfession:No
 WritingFile:dcpath
.PEN_DOWN
4289 718 1653
4288 704 0
4289 690 0
4288 676 0
4289 656 0
4285 640 0
4284 615 0
4275 593 0
4267 565 0
4252 541 0
4238 512 0
4215 487 0
4191 459 0
4159 436 0
4129 412 0
4092 395 0
4059 381 0
4026 373 0
3993 366 0
3960 366 0
3930 371 0
3901 381 0
3877 397 0
3855 418 0
3840 445 0
3829 475 0
3821 506 0
3822 540 0
3834 573 0
3855 606 0
3885 640 0
3920 674 0
3961 707 0
4004 741 0
4046 777 0
4087 811 0
4125 850 0
4154 889 0
4176 934 0
4191 978 0
4200 1023 0
4199 1067 0
4194 1106 0
4182 1143 0
4161 1174 0
4133 1198 0
4097 1212 0
4056 1221 0
4008 1220 0
3955 1213 0
3902 1195 0
3850 1178 0
3803 1149 0
3764 1112 0
3735 1074 0
3716 1037 0
3710 996 0
3718 956 0
3738 913 0
3770 873 0
3810 833 0
3855 801 0
3902 769 0
3956 734 0
4000 711 0
4047 680 0
4088 656 0
4125 635 12588
.PEN_UP
