.VERSION 1.0 0
.HIERARCHY CHARACTER
.COORD X Y T
.SEGMENT CHARACTER
.X_POINTS_PER_INCH 2500
.Y_POINTS_PER_INCH 2500
.POINTS_PER_SECOND 1200

.WRITER_ID 3
.AGE 31
.SEX MALE
.HAND RIGHT
.SKILL OK
.STYLE NORMAL
.COUNTRY  
.WRITER_INFO
 WriterName:THANIGAI MURUGAN K
 WriterTrailNo:0
 WriterProfession:SOFTWARE
 WritingSetup:TABLETPC
 WritingFrequency:Everyday
 WritingInProfession:No
 WritingFile:dcpath
.PEN_DOWN
3800 553 8672
3811 545 0
3835 533 0
3862 523 0
3905 509 0
3950 499 0
4006 486 0
4062 478 0
4119 469 0
4171 463 0
4218 458 0
4256 455 0
4283 457 0
4303 458 0
4306 465 0
4298 473 0
4288 482 0
4266 492 15803
.PEN_UP
.PEN_DOWN
3680 542 8672
3670 543 0
3656 552 0
3647 561 0
3636 580 0
3631 598 0
3620 626 0
3619 653 0
3618 686 0
3624 717 0
3633 749 0
3648 780 0
3665 809 0
3686 834 0
3708 858 0
3732 877 0
3759 893 0
3789 904 0
3820 914 0
3853 920 0
3887 922 0
3924 923 0
3961 922 0
3999 923 0
4035 928 0
4067 940 0
4098 956 0
4124 979 0
4147 1008 0
4163 1036 0
4171 1075 0
4170 1116 0
4154 1157 0
4125 1194 0
4079 1228 0
4021 1255 0
3952 1280 0
3876 1303 0
3796 1317 0
3713 1325 0
3633 1329 0
3562 1328 0
3502 1323 0
3449 1323 0
3412 1316 0
3394 1308 0
3390 1298 16303
.PEN_UP
