.VERSION 1.0 0
.HIERARCHY CHARACTER
.COORD X Y T
.SEGMENT CHARACTER
.X_POINTS_PER_INCH 2500
.Y_POINTS_PER_INCH 2500
.POINTS_PER_SECOND 1200

.WRITER_ID 3
.AGE 31
.SEX MALE
.HAND RIGHT
.SKILL OK
.STYLE NORMAL
.COUNTRY  
.WRITER_INFO
 WriterName:THANIGAI MURUGAN K
 WriterTrailNo:0
 WriterProfession:SOFTWARE
 WritingSetup:TABLETPC
 WritingFrequency:Everyday
 WritingInProfession:No
 WritingFile:dcpath
.PEN_DOWN
3779 439 8672
3773 425 0
3763 416 0
3753 403 0
3740 393 0
3725 384 0
3709 377 0
3690 372 0
3667 371 0
3643 371 0
3614 374 0
3582 379 0
3508 406 0
3451 426 0
3386 459 0
3328 494 0
3267 538 0
3216 583 0
3171 635 0
3142 686 0
3112 736 0
3085 793 0
3068 847 0
3053 905 0
3047 962 0
3042 1020 0
3051 1074 0
3065 1127 0
3093 1178 0
3127 1222 0
3164 1265 0
3208 1305 0
3260 1337 0
3315 1366 0
3372 1389 0
3426 1408 0
3480 1421 0
3534 1433 0
3587 1437 0
3637 1440 0
3684 1439 0
3726 1436 0
3767 1431 0
3810 1425 0
3849 1418 0
3887 1404 0
3923 1389 0
3964 1374 0
4003 1357 0
4041 1335 0
4079 1316 0
4114 1293 0
4143 1269 0
4168 1249 0
4189 1224 0
4203 1199 0
4214 1172 0
4222 1141 0
4229 1110 0
4229 1074 0
4227 1038 0
4219 1002 0
4209 964 0
4194 927 0
4174 889 0
4147 849 0
4116 815 0
4082 775 0
4045 733 0
4007 696 0
3969 661 0
3928 624 0
3927 626 0
3905 611 0
3848 573 0
3812 553 0
3777 546 0
3741 546 0
3708 547 0
3674 555 0
3638 566 0
3615 573 0
3586 587 0
3559 601 0
3536 607 9233
.PEN_UP
