.VERSION 1.0 0
.HIERARCHY CHARACTER
.COORD X Y T
.SEGMENT CHARACTER
.X_POINTS_PER_INCH 2500
.Y_POINTS_PER_INCH 2500
.POINTS_PER_SECOND 1200

.WRITER_ID 3
.AGE 31
.SEX MALE
.HAND RIGHT
.SKILL OK
.STYLE NORMAL
.COUNTRY  
.WRITER_INFO
 WriterName:THANIGAI MURUGAN K
 WriterTrailNo:1
 WriterProfession:SOFTWARE
 WritingSetup:TABLETPC
 WritingFrequency:Everyday
 WritingInProfession:No
 WritingFile:dcpath
.PEN_DOWN
4238 657 1653
4232 645 0
4231 634 0
4233 622 0
4256 607 0
4276 600 0
4320 588 0
4369 581 0
4430 574 0
4496 570 0
4567 564 0
4636 564 0
4702 566 0
4766 567 0
4812 575 0
4852 579 0
4871 592 0
4875 606 0
4866 617 7771
.PEN_UP
.PEN_DOWN
4049 649 1653
4032 643 0
4014 641 0
4002 640 0
3986 648 0
3980 657 0
3969 676 0
3967 692 0
3969 720 0
3980 746 0
3994 775 0
4019 803 0
4046 829 0
4077 850 0
4108 871 0
4144 881 0
4180 892 0
4217 899 0
4250 905 0
4283 909 0
4316 915 0
4348 923 0
4382 934 0
4415 950 0
4445 971 0
4473 998 0
4499 1026 0
4515 1063 0
4520 1105 0
4517 1145 0
4499 1186 0
4467 1220 0
4420 1249 0
4364 1272 0
4292 1290 0
4214 1295 0
4131 1297 0
4055 1291 0
3983 1284 0
3919 1275 0
3873 1253 0
3841 1242 0
3830 1234 0
3841 1225 8252
.PEN_UP
