.VERSION 1.0 0
.HIERARCHY CHARACTER
.COORD X Y T
.SEGMENT CHARACTER
.X_POINTS_PER_INCH 2500
.Y_POINTS_PER_INCH 2500
.POINTS_PER_SECOND 1200

.WRITER_ID 3
.AGE 31
.SEX MALE
.HAND RIGHT
.SKILL OK
.STYLE NORMAL
.COUNTRY  
.WRITER_INFO
 WriterName:THANIGAI MURUGAN K
 WriterTrailNo:1
 WriterProfession:SOFTWARE
 WritingSetup:TABLETPC
 WritingFrequency:Everyday
 WritingInProfession:No
 WritingFile:dcpath
.PEN_DOWN
3504 569 1653
3499 559 0
3496 552 0
3496 550 0
3493 549 0
3492 547 0
3487 541 0
3484 532 0
3487 529 0
3478 524 0
3474 517 0
3470 508 0
3466 495 0
3457 485 0
3451 473 0
3451 461 0
3451 447 0
3451 435 0
3454 422 0
3462 412 0
3475 401 0
3487 395 0
3503 390 0
3524 388 0
3549 387 0
3578 393 0
3583 393 0
3647 401 0
3723 410 0
3792 424 0
3793 424 0
3852 440 0
3852 439 0
3873 443 0
3895 445 0
3911 445 0
3929 447 0
3938 447 0
3947 447 0
3951 448 0
3951 454 0
3942 469 0
3934 490 0
3929 518 0
3920 559 0
3914 611 0
3908 671 0
3901 739 0
3895 811 0
3891 884 0
3888 958 0
3886 1030 0
3886 1102 0
3888 1170 0
3892 1230 0
3897 1277 0
3910 1314 0
3919 1347 0
3925 1373 0
3927 1389 11417
.PEN_UP
