.VERSION 1.0 0
.HIERARCHY CHARACTER
.COORD X Y T
.SEGMENT CHARACTER
.X_POINTS_PER_INCH 2500
.Y_POINTS_PER_INCH 2500
.POINTS_PER_SECOND 1200

.WRITER_ID 3
.AGE 31
.SEX MALE
.HAND RIGHT
.SKILL OK
.STYLE NORMAL
.COUNTRY  
.WRITER_INFO
 WriterName:THANIGAI MURUGAN K
 WriterTrailNo:0
 WriterProfession:SOFTWARE
 WritingSetup:TABLETPC
 WritingFrequency:Everyday
 WritingInProfession:No
 WritingFile:dcpath
.PEN_DOWN
3666 573 8672
3666 551 0
3665 537 0
3671 514 0
3680 496 0
3697 474 0
3714 460 0
3745 443 0
3778 431 0
3821 421 0
3875 416 0
3933 411 0
3999 413 0
4067 418 0
4130 430 0
4193 448 0
4247 471 0
4288 500 0
4320 533 0
4335 570 0
4339 610 0
4331 653 0
4310 691 0
4278 729 0
4237 764 0
4186 793 0
4126 820 0
4068 838 0
4007 854 0
3951 865 0
3904 871 0
3870 874 0
3847 872 0
3845 870 0
3865 870 0
3906 871 0
3966 876 0
4039 884 0
4118 897 0
4207 917 0
4297 944 0
4382 977 0
4460 1014 0
4518 1056 0
4559 1101 0
4579 1147 0
4586 1191 0
4570 1237 0
4537 1274 0
4486 1307 0
4416 1334 0
4334 1353 0
4237 1363 0
4140 1368 0
4040 1367 0
3941 1357 0
3845 1347 0
3758 1335 0
3679 1321 0
3613 1308 0
3562 1294 0
3520 1287 0
3494 1275 0
3479 1270 0
3474 1265 0
3488 1260 13289
.PEN_UP
