.VERSION 1.0 0
.HIERARCHY CHARACTER
.COORD X Y T
.SEGMENT CHARACTER
.X_POINTS_PER_INCH 2500
.Y_POINTS_PER_INCH 2500
.POINTS_PER_SECOND 1200

.WRITER_ID 3
.AGE 31
.SEX MALE
.HAND RIGHT
.SKILL OK
.STYLE NORMAL
.COUNTRY  
.WRITER_INFO
 WriterName:THANIGAI MURUGAN K
 WriterTrailNo:1
 WriterProfession:SOFTWARE
 WritingSetup:TABLETPC
 WritingFrequency:Everyday
 WritingInProfession:No
 WritingFile:dcpath
.PEN_DOWN
3955 751 1653
3944 734 0
3944 714 0
3942 703 0
3956 689 0
3975 679 0
4012 670 0
4055 670 0
4108 667 0
4163 674 0
4218 680 0
4271 694 0
4316 711 0
4350 734 0
4372 757 0
4379 785 0
4370 818 0
4349 855 0
4318 894 0
4267 935 0
4215 976 0
4149 1015 0
4087 1052 0
4019 1086 0
3958 1115 0
3902 1142 0
3863 1161 0
3836 1179 0
3825 1192 0
3826 1203 0
3847 1211 0
3880 1217 0
3932 1220 0
3997 1220 0
4072 1217 0
4153 1214 0
4243 1209 0
4340 1202 0
4434 1195 0
4520 1189 0
4597 1183 0
4664 1176 0
4720 1170 0
4768 1167 0
4803 1165 0
4833 1160 0
4849 1165 0
4870 1166 0
4889 1169 0
4908 1170 0
4927 1170 4437
.PEN_UP
