.VERSION 1.0 0
.HIERARCHY CHARACTER
.COORD X Y T
.SEGMENT CHARACTER
.X_POINTS_PER_INCH 2500
.Y_POINTS_PER_INCH 2500
.POINTS_PER_SECOND 1200

.WRITER_ID 3
.AGE 31
.SEX MALE
.HAND RIGHT
.SKILL OK
.STYLE NORMAL
.COUNTRY  
.WRITER_INFO
 WriterName:THANIGAI MURUGAN K
 WriterTrailNo:0
 WriterProfession:SOFTWARE
 WritingSetup:TABLETPC
 WritingFrequency:Everyday
 WritingInProfession:No
 WritingFile:dcpath
.PEN_DOWN
3792 485 8672
3783 488 0
3774 500 0
3767 518 0
3758 550 0
3755 587 0
3746 634 0
3739 681 0
3728 737 0
3718 793 0
3704 853 0
3689 912 0
3670 972 0
3652 1027 0
3633 1076 0
3611 1121 0
3590 1154 0
3573 1180 0
3557 1198 0
3547 1203 0
3550 1201 0
3561 1191 0
3576 1177 0
3604 1159 0
3639 1141 0
3685 1124 0
3741 1108 0
3811 1093 0
3881 1084 0
3956 1080 0
4032 1081 0
4107 1085 0
4176 1093 0
4241 1102 0
4294 1112 0
4336 1124 0
4366 1132 0
4382 1141 0
4394 1143 0
4396 1140 0
4394 1132 0
4391 1116 0
4380 1097 0
4368 1073 0
4350 1046 0
4330 1014 0
4307 985 0
4284 955 0
4263 930 0
4238 905 0
4217 884 0
4199 867 0
4185 854 0
4177 847 0
4174 848 0
4176 858 0
4181 880 0
4190 916 0
4202 964 0
4214 1020 0
4224 1085 0
4237 1155 0
4246 1227 0
4254 1300 0
4259 1367 0
4259 1428 0
4254 1483 0
4247 1529 0
4241 1572 0
4228 1615 0
4224 1645 0
4209 1681 0
4195 1710 0
4179 1737 14731
.PEN_UP
