.VERSION 1.0 0
.HIERARCHY CHARACTER
.COORD X Y T
.SEGMENT CHARACTER
.X_POINTS_PER_INCH 2500
.Y_POINTS_PER_INCH 2500
.POINTS_PER_SECOND 1200

.WRITER_ID 3
.AGE 31
.SEX MALE
.HAND RIGHT
.SKILL OK
.STYLE NORMAL
.COUNTRY  
.WRITER_INFO
 WriterName:THANIGAI MURUGAN K
 WriterTrailNo:1
 WriterProfession:SOFTWARE
 WritingSetup:TABLETPC
 WritingFrequency:Everyday
 WritingInProfession:No
 WritingFile:dcpath
.PEN_DOWN
4092 748 1653
4094 736 0
4096 725 0
4108 712 0
4126 702 0
4157 688 0
4187 677 0
4231 668 0
4276 661 0
4330 657 0
4387 654 0
4451 657 0
4509 663 0
4565 675 0
4618 690 0
4665 709 0
4705 731 0
4730 757 0
4740 782 0
4733 808 0
4715 836 0
4686 861 0
4643 885 0
4590 906 0
4536 924 0
4485 935 0
4437 949 0
4398 957 0
4365 963 0
4348 968 0
4341 970 0
4346 970 0
4361 972 0
4393 976 0
4431 981 0
4476 990 0
4529 1001 0
4580 1018 0
4629 1041 0
4674 1068 0
4710 1097 0
4732 1128 0
4740 1160 0
4733 1192 0
4709 1225 0
4674 1254 0
4626 1282 0
4567 1301 0
4499 1322 0
4424 1336 0
4337 1346 0
4251 1348 0
4163 1350 0
4080 1342 0
4002 1332 0
3932 1318 0
3868 1304 0
3819 1286 0
3780 1268 0
3752 1254 0
3740 1235 0
3730 1222 0
3724 1209 0
3730 1197 5648
.PEN_UP
