.VERSION 1.0 0
.HIERARCHY CHARACTER
.COORD X Y T
.SEGMENT CHARACTER
.X_POINTS_PER_INCH 2500
.Y_POINTS_PER_INCH 2500
.POINTS_PER_SECOND 1200

.WRITER_ID 7
.AGE 24
.SEX MALE
.HAND RIGHT
.SKILL GOOD
.STYLE NORMAL
.COUNTRY  

.WRITER_INFO
 WriterName:JAGAN
 WriterTrailNo:0
 WriterProfession:
ENGVR
 WritingSetup:SOFTWARE

 WritingFrequency:Rarely
 WritingInProfession:No
 WritingFile:dcpath
.PEN_DOWN
3850 379 11827
3852 367 0
3848 355 0
3847 343 0
3841 337 0
3839 329 0
3830 328 0
3822 328 0
3813 329 0
3801 337 0
3789 344 0
3774 357 0
3732 393 0
3708 427 0
3680 466 0
3653 510 0
3629 560 0
3609 610 0
3591 658 0
3578 705 0
3568 750 0
3558 795 0
3554 842 0
3552 887 0
3550 931 0
3550 975 0
3554 1015 0
3557 1058 0
3560 1091 0
3562 1126 0
3565 1156 0
3568 1185 0
3571 1213 0
3585 1239 0
3601 1260 0
3620 1280 0
3641 1303 0
3665 1323 0
3691 1333 0
3722 1341 0
3755 1345 0
3779 1347 0
3805 1346 0
3831 1342 0
3859 1331 0
3891 1317 0
3925 1305 0
3960 1291 0
3994 1277 0
4028 1257 0
4061 1237 0
4092 1217 0
4121 1194 0
4148 1165 0
4171 1135 0
4192 1102 0
4213 1065 0
4229 1024 0
4245 984 0
4258 940 0
4271 893 0
4280 848 0
4286 804 0
4290 762 0
4289 722 0
4286 680 0
4285 679 0
4280 657 0
4274 634 0
4265 611 0
4256 592 0
4245 573 0
4232 551 0
4218 533 0
4203 513 0
4185 496 0
4166 480 0
4144 464 0
4122 448 0
4101 432 0
4079 418 0
4056 407 0
4035 397 0
4013 390 0
3991 385 0
3970 380 0
3951 374 0
3932 373 0
3915 370 0
3900 370 0
3883 370 0
3873 365 0
3863 362 0
3854 362 0
3847 360 12438
.PEN_UP
