.VERSION 1.0 0
.HIERARCHY CHARACTER
.COORD X Y T
.SEGMENT CHARACTER
.X_POINTS_PER_INCH 2500
.Y_POINTS_PER_INCH 2500
.POINTS_PER_SECOND 1200

.WRITER_ID 7
.AGE 24
.SEX MALE
.HAND RIGHT
.SKILL GOOD
.STYLE NORMAL
.COUNTRY  

.WRITER_INFO
 WriterName:JAGAN
 WriterTrailNo:1
 WriterProfession:
ENGVR
 WritingSetup:SOFTWARE

 WritingFrequency:Rarely
 WritingInProfession:No
 WritingFile:dcpath
.PEN_DOWN
4073 665 1542
4052 647 0
4033 626 0
4014 605 0
4002 583 0
3989 561 0
3985 538 0
3990 537 0
3989 527 0
3991 518 0
4002 506 0
4017 494 0
4030 486 0
4049 477 0
4072 466 0
4103 454 0
4129 447 0
4159 436 0
4196 424 0
4238 411 0
4275 402 0
4314 390 0
4356 378 0
4395 365 0
4433 351 0
4468 339 0
4500 323 0
4528 309 0
4552 292 0
4571 276 0
4588 259 0
4601 244 0
4608 228 0
4611 217 0
4611 207 0
4607 199 0
4601 194 0
4590 194 0
4580 200 0
4569 212 0
4542 256 0
4524 323 0
4505 404 0
4491 508 0
4477 630 0
4466 760 0
4456 898 0
4443 1023 0
4428 1135 0
4409 1234 0
4389 1320 0
4369 1392 0
4350 1447 0
4335 1488 0
4313 1519 0
4302 1531 0
4283 1541 0
4271 1533 0
4252 1522 0
4234 1500 9944
.PEN_UP
.PEN_DOWN
4205 925 1542
4251 906 0
4300 887 0
4365 862 0
4439 839 0
4519 811 0
4607 783 0
4696 753 0
4777 730 10135
.PEN_UP
