.VERSION 1.0 0
.HIERARCHY CHARACTER
.COORD X Y T
.SEGMENT CHARACTER
.X_POINTS_PER_INCH 2500
.Y_POINTS_PER_INCH 2500
.POINTS_PER_SECOND 1200

.WRITER_ID 7
.AGE 24
.SEX MALE
.HAND RIGHT
.SKILL GOOD
.STYLE NORMAL
.COUNTRY  

.WRITER_INFO
 WriterName:JAGAN
 WriterTrailNo:0
 WriterProfession:
ENGVR
 WritingSetup:SOFTWARE

 WritingFrequency:Rarely
 WritingInProfession:No
 WritingFile:dcpath
.PEN_DOWN
3813 472 11827
3805 464 0
3799 458 0
3803 445 0
3808 439 0
3820 425 0
3835 417 0
3859 406 0
3887 395 0
3924 388 0
3966 380 0
4013 371 0
4064 362 0
4116 352 0
4171 341 0
4222 328 0
4265 310 0
4306 293 0
4340 279 0
4369 264 0
4391 253 0
4409 244 0
4419 236 0
4423 232 0
4425 232 0
4419 232 0
4412 232 0
4401 239 0
4384 249 0
4369 262 0
4350 277 0
4330 296 0
4308 321 0
4284 353 0
4255 392 0
4227 431 0
4199 472 0
4168 517 0
4143 563 0
4120 603 0
4098 643 0
4083 676 0
4070 704 0
4061 726 0
4056 741 0
4051 751 0
4047 759 0
4046 763 0
4047 763 0
4050 762 0
4054 757 0
4061 749 0
4072 741 0
4084 730 0
4102 716 0
4124 702 0
4147 685 0
4173 671 0
4203 660 0
4234 649 0
4265 642 0
4294 640 0
4323 644 0
4351 653 0
4377 668 0
4402 690 0
4424 716 0
4442 746 0
4456 781 0
4467 818 0
4472 857 0
4471 898 0
4463 941 0
4448 984 0
4429 1024 0
4406 1067 0
4375 1104 0
4339 1142 0
4294 1176 0
4246 1208 0
4189 1236 0
4128 1257 0
4065 1274 0
4000 1283 0
3941 1287 0
3886 1278 0
3839 1263 0
3798 1239 0
3773 1200 0
3752 1160 0
3737 1116 0
3730 1072 16935
.PEN_UP
