.VERSION 1.0 0
.HIERARCHY CHARACTER
.COORD X Y T
.SEGMENT CHARACTER
.X_POINTS_PER_INCH 2500
.Y_POINTS_PER_INCH 2500
.POINTS_PER_SECOND 1200

.WRITER_ID 7
.AGE 24
.SEX MALE
.HAND RIGHT
.SKILL GOOD
.STYLE NORMAL
.COUNTRY  

.WRITER_INFO
 WriterName:JAGAN
 WriterTrailNo:1
 WriterProfession:
ENGVR
 WritingSetup:SOFTWARE

 WritingFrequency:Rarely
 WritingInProfession:No
 WritingFile:dcpath
.PEN_DOWN
4522 526 1542
4515 495 0
4503 476 0
4499 454 0
4491 443 0
4487 426 0
4480 424 0
4480 420 0
4478 429 0
4480 440 0
4481 467 0
4484 501 0
4484 546 0
4485 603 0
4485 666 0
4484 734 0
4481 805 0
4476 878 0
4471 950 0
4467 1019 0
4462 1088 0
4457 1149 0
4453 1204 0
4451 1257 0
4449 1299 0
4448 1336 0
4451 1359 0
4443 1383 0
4451 1388 0
4452 1389 0
4453 1385 2744
.PEN_UP
.PEN_DOWN
4456 430 1542
4458 416 0
4466 403 0
4459 398 0
4459 394 0
4453 399 0
4453 410 0
4444 426 0
4437 445 0
4429 471 0
4420 501 0
4407 536 0
4403 573 0
4392 610 0
4382 654 0
4365 699 0
4356 739 3024
.PEN_UP
.PEN_DOWN
4239 1533 1542
4246 1532 0
4261 1519 0
4280 1508 0
4303 1494 0
4334 1479 0
4368 1458 0
4411 1440 0
4458 1421 0
4522 1393 3295
.PEN_UP
