.VERSION 1.0 0
.HIERARCHY CHARACTER
.COORD X Y T
.SEGMENT CHARACTER
.X_POINTS_PER_INCH 2500
.Y_POINTS_PER_INCH 2500
.POINTS_PER_SECOND 1200

.WRITER_ID 7
.AGE 24
.SEX MALE
.HAND RIGHT
.SKILL GOOD
.STYLE NORMAL
.COUNTRY  

.WRITER_INFO
 WriterName:JAGAN
 WriterTrailNo:1
 WriterProfession:
ENGVR
 WritingSetup:SOFTWARE

 WritingFrequency:Rarely
 WritingInProfession:No
 WritingFile:dcpath
.PEN_DOWN
4453 385 1542
4452 376 0
4456 366 0
4453 360 0
4451 351 0
4444 343 0
4439 339 0
4430 337 0
4419 343 0
4409 348 0
4395 357 0
4387 384 0
4350 432 0
4309 490 0
4271 555 0
4236 628 0
4204 699 0
4178 777 0
4163 845 0
4157 910 0
4158 968 0
4168 1023 0
4186 1074 0
4214 1120 0
4245 1162 0
4278 1194 0
4318 1225 0
4358 1246 0
4397 1260 0
4435 1268 0
4475 1269 0
4515 1260 0
4555 1243 0
4599 1218 0
4636 1189 0
4672 1151 0
4710 1107 0
4743 1056 0
4770 1004 0
4790 950 0
4800 898 0
4807 846 0
4805 794 0
4798 741 0
4784 694 0
4782 691 0
4771 668 0
4757 644 0
4742 624 0
4724 602 0
4706 582 0
4686 557 0
4665 538 0
4643 515 0
4620 498 0
4595 480 0
4575 463 0
4550 445 0
4529 435 0
4506 426 0
4485 425 0
4439 427 1923
.PEN_UP
