.VERSION 1.0 0
.HIERARCHY CHARACTER
.COORD X Y T
.SEGMENT CHARACTER
.X_POINTS_PER_INCH 2500
.Y_POINTS_PER_INCH 2500
.POINTS_PER_SECOND 1200

.WRITER_ID 7
.AGE 24
.SEX MALE
.HAND RIGHT
.SKILL GOOD
.STYLE NORMAL
.COUNTRY  

.WRITER_INFO
 WriterName:JAGAN
 WriterTrailNo:1
 WriterProfession:
ENGVR
 WritingSetup:SOFTWARE

 WritingFrequency:Rarely
 WritingInProfession:No
 WritingFile:dcpath
.PEN_DOWN
4678 943 1542
4702 911 0
4716 883 0
4735 845 0
4752 802 0
4772 758 0
4785 713 0
4790 667 0
4787 624 0
4773 591 0
4748 565 0
4712 551 0
4672 549 0
4621 560 0
4574 580 0
4519 609 0
4472 642 0
4429 680 0
4393 720 0
4365 760 0
4350 796 0
4341 833 0
4345 871 0
4361 906 0
4393 943 0
4437 977 0
4487 1010 0
4548 1044 0
4609 1082 0
4674 1123 0
4733 1165 0
4786 1208 0
4821 1257 0
4840 1305 0
4840 1352 0
4823 1405 0
4789 1449 0
4743 1493 0
4687 1523 0
4626 1550 0
4564 1561 0
4503 1567 0
4451 1555 0
4410 1532 0
4384 1493 0
4369 1440 0
4368 1375 0
4388 1301 0
4431 1221 0
4504 1138 0
4587 1056 0
4676 981 11056
.PEN_UP
