.VERSION 1.0 0
.HIERARCHY CHARACTER
.COORD X Y T
.SEGMENT CHARACTER
.X_POINTS_PER_INCH 2500
.Y_POINTS_PER_INCH 2500
.POINTS_PER_SECOND 1200

.WRITER_ID 7
.AGE 24
.SEX MALE
.HAND RIGHT
.SKILL GOOD
.STYLE NORMAL
.COUNTRY  

.WRITER_INFO
 WriterName:JAGAN
 WriterTrailNo:0
 WriterProfession:
ENGVR
 WritingSetup:SOFTWARE

 WritingFrequency:Rarely
 WritingInProfession:No
 WritingFile:dcpath
.PEN_DOWN
4256 379 11827
4252 375 0
4252 373 0
4258 369 0
4260 375 0
4266 380 0
4267 394 0
4272 410 0
4271 439 0
4275 469 0
4274 512 0
4274 560 0
4271 615 0
4270 675 0
4267 739 0
4267 802 0
4266 871 0
4265 935 0
4262 1000 0
4261 1064 0
4261 1124 0
4261 1176 0
4260 1229 0
4258 1273 0
4256 1310 0
4256 1345 0
4258 1368 0
4253 1388 0
4258 1391 0
4256 1393 0
4253 1389 0
4251 1374 13400
.PEN_UP
.PEN_DOWN
4219 333 11827
4219 333 0
4218 333 0
4218 333 0
4217 333 0
4217 333 0
4217 333 0
4217 333 0
4217 333 0
4217 333 0
4215 337 0
4215 342 0
4210 350 0
4205 361 0
4196 375 0
4190 392 0
4178 413 0
4166 435 0
4152 458 0
4138 482 0
4121 512 0
4106 540 0
4091 568 0
4073 596 0
4065 620 0
4060 643 0
4051 667 0
4051 681 13820
.PEN_UP
.PEN_DOWN
3838 1694 11827
3838 1685 0
3841 1678 0
3845 1672 0
3857 1665 0
3872 1660 0
3896 1652 0
3927 1647 0
3967 1639 0
4014 1630 0
4074 1614 0
4140 1592 0
4213 1569 0
4292 1541 0
4374 1510 0
4462 1472 0
4550 1438 0
4626 1410 14281
.PEN_UP
