.VERSION 1.0 0
.HIERARCHY CHARACTER
.COORD X Y T
.SEGMENT CHARACTER
.X_POINTS_PER_INCH 2500
.Y_POINTS_PER_INCH 2500
.POINTS_PER_SECOND 1200

.WRITER_ID 7
.AGE 24
.SEX MALE
.HAND RIGHT
.SKILL GOOD
.STYLE NORMAL
.COUNTRY  

.WRITER_INFO
 WriterName:JAGAN
 WriterTrailNo:1
 WriterProfession:
ENGVR
 WritingSetup:SOFTWARE

 WritingFrequency:Rarely
 WritingInProfession:No
 WritingFile:dcpath
.PEN_DOWN
4225 1092 1542
4217 1109 0
4219 1125 0
4223 1144 0
4241 1163 0
4264 1186 0
4290 1211 0
4328 1229 0
4374 1240 0
4426 1243 0
4482 1241 0
4546 1227 0
4615 1208 0
4687 1179 0
4766 1143 0
4841 1097 0
4910 1047 0
4974 991 0
5029 930 0
5076 866 0
5108 794 0
5128 721 0
5135 646 0
5130 575 0
5109 504 0
5080 440 0
5039 384 0
4985 338 0
4925 306 0
4857 287 0
4786 279 0
4718 286 0
4649 302 0
4583 332 0
4522 367 0
4468 412 0
4424 461 0
4387 512 0
4360 566 0
4344 620 0
4336 672 0
4340 721 0
4350 765 0
4377 796 0
4420 820 0
4473 831 0
4540 832 0
4617 820 0
4698 799 0
4780 774 0
4869 739 0
4941 703 0
4993 668 0
5028 630 11857
.PEN_UP
