.VERSION 1.0 0
.HIERARCHY CHARACTER
.COORD X Y T
.SEGMENT CHARACTER
.X_POINTS_PER_INCH 2500
.Y_POINTS_PER_INCH 2500
.POINTS_PER_SECOND 1200

.WRITER_ID 7
.AGE 24
.SEX MALE
.HAND RIGHT
.SKILL GOOD
.STYLE NORMAL
.COUNTRY  

.WRITER_INFO
 WriterName:JAGAN
 WriterTrailNo:0
 WriterProfession:
ENGVR
 WritingSetup:SOFTWARE

 WritingFrequency:Rarely
 WritingInProfession:No
 WritingFile:dcpath
.PEN_DOWN
3957 584 11827
3965 566 0
3963 556 0
3956 554 0
3948 560 0
3934 575 0
3922 591 0
3902 621 0
3883 657 0
3858 702 0
3838 749 0
3812 801 0
3792 857 0
3769 919 0
3750 980 0
3731 1033 0
3713 1079 0
3700 1121 0
3689 1152 0
3680 1176 0
3674 1186 0
3670 1189 0
3671 1183 0
3676 1167 0
3685 1148 0
3698 1126 0
3718 1105 0
3746 1082 0
3782 1063 0
3826 1044 0
3878 1027 0
3937 1018 0
3999 1008 0
4066 1001 0
4134 996 0
4196 993 0
4252 990 0
4304 986 0
4345 987 0
4381 985 0
4402 987 0
4420 985 0
4424 987 0
4430 982 0
4423 980 0
4419 968 0
4402 959 0
4391 940 0
4369 921 0
4353 894 0
4335 867 0
4317 837 0
4299 804 0
4279 778 0
4267 748 0
4250 725 0
4242 700 0
4228 681 0
4223 663 0
4215 653 0
4214 639 0
4210 634 0
4211 630 0
4213 634 0
4217 639 0
4220 656 0
4227 676 0
4231 709 0
4236 751 0
4239 801 0
4242 859 0
4243 925 0
4243 1001 0
4242 1077 0
4239 1155 0
4234 1227 0
4229 1297 0
4224 1359 0
4219 1417 0
4214 1465 0
4210 1498 0
4206 1526 0
4203 1545 0
4203 1551 0
4200 1551 0
4206 1545 0
4210 1528 0
4215 1504 0
4217 1470 18096
.PEN_UP
