.VERSION 1.0 0
.HIERARCHY CHARACTER
.COORD X Y T
.SEGMENT CHARACTER
.X_POINTS_PER_INCH 2500
.Y_POINTS_PER_INCH 2500
.POINTS_PER_SECOND 1200

.WRITER_ID 7
.AGE 24
.SEX MALE
.HAND RIGHT
.SKILL GOOD
.STYLE NORMAL
.COUNTRY  

.WRITER_INFO
 WriterName:JAGAN
 WriterTrailNo:0
 WriterProfession:
ENGVR
 WritingSetup:SOFTWARE

 WritingFrequency:Rarely
 WritingInProfession:No
 WritingFile:dcpath
.PEN_DOWN
4412 557 11827
4410 538 0
4402 523 0
4396 509 0
4388 503 0
4379 496 0
4367 499 0
4355 503 0
4340 517 0
4325 533 0
4304 560 0
4285 591 0
4256 628 0
4231 674 0
4200 731 0
4172 794 0
4143 865 0
4120 945 0
4103 1027 0
4094 1107 0
4098 1185 0
4115 1257 0
4139 1317 0
4175 1366 0
4217 1405 0
4266 1425 0
4320 1436 0
4377 1434 0
4434 1424 0
4490 1403 0
4545 1375 0
4594 1340 0
4641 1295 0
4676 1251 0
4697 1207 0
4706 1163 0
4701 1126 0
4678 1096 0
4644 1074 0
4594 1068 0
4538 1075 0
4477 1098 0
4419 1129 0
4360 1169 0
4316 1212 0
4274 1266 0
4251 1317 0
4243 1361 0
4247 1399 20330
.PEN_UP
