.VERSION 1.0 0
.HIERARCHY CHARACTER
.COORD X Y T
.SEGMENT CHARACTER
.X_POINTS_PER_INCH 2500
.Y_POINTS_PER_INCH 2500
.POINTS_PER_SECOND 1200

.WRITER_ID 7
.AGE 24
.SEX MALE
.HAND RIGHT
.SKILL GOOD
.STYLE NORMAL
.COUNTRY  

.WRITER_INFO
 WriterName:JAGAN
 WriterTrailNo:0
 WriterProfession:
ENGVR
 WritingSetup:SOFTWARE

 WritingFrequency:Rarely
 WritingInProfession:No
 WritingFile:dcpath
.PEN_DOWN
4066 779 11827
4070 762 0
4077 746 0
4077 739 0
4080 736 0
4077 743 0
4074 751 0
4066 769 0
4059 787 0
4049 812 0
4036 838 0
4026 868 0
4013 898 0
4002 929 0
3989 957 0
3980 988 0
3974 1012 0
3969 1033 0
3967 1047 0
3967 1058 0
3975 1059 0
3989 1054 0
4008 1040 0
4032 1020 0
4063 993 0
4096 966 0
4134 937 0
4175 909 0
4215 886 0
4252 867 0
4288 857 0
4322 853 0
4355 859 0
4386 871 0
4415 887 0
4439 910 0
4461 940 0
4480 970 0
4494 1002 0
4503 1035 0
4504 1075 0
4499 1114 0
4489 1153 0
4472 1192 0
4451 1230 0
4429 1266 0
4402 1297 0
4375 1325 0
4351 1344 0
4326 1356 0
4300 1362 0
4280 1358 0
4258 1351 0
4245 1332 0
4233 1312 0
4218 1284 0
4210 1248 18988
.PEN_UP
.PEN_DOWN
4155 620 11827
4152 614 0
4144 612 0
4144 606 0
4155 598 0
4166 594 0
4191 586 0
4214 581 0
4243 574 0
4280 570 0
4320 565 0
4361 560 0
4410 552 0
4461 542 0
4517 530 0
4576 515 0
4649 496 0
4718 474 0
4791 449 0
4865 423 0
4931 403 0
4993 385 0
5047 368 0
5084 362 19368
.PEN_UP
