.VERSION 1.0 0
.HIERARCHY CHARACTER
.COORD X Y T
.SEGMENT CHARACTER
.X_POINTS_PER_INCH 2500
.Y_POINTS_PER_INCH 2500
.POINTS_PER_SECOND 1200

.WRITER_ID 7
.AGE 24
.SEX MALE
.HAND RIGHT
.SKILL GOOD
.STYLE NORMAL
.COUNTRY  

.WRITER_INFO
 WriterName:JAGAN
 WriterTrailNo:1
 WriterProfession:
ENGVR
 WritingSetup:SOFTWARE

 WritingFrequency:Rarely
 WritingInProfession:No
 WritingFile:dcpath
.PEN_DOWN
4083 661 1542
4087 639 0
4091 620 0
4100 603 0
4119 584 0
4138 569 0
4167 549 0
4194 537 0
4232 522 0
4265 514 0
4297 509 0
4331 513 0
4363 519 0
4389 533 0
4411 556 0
4425 587 0
4435 624 0
4437 666 0
4437 716 0
4426 771 0
4411 832 0
4392 898 0
4365 967 0
4334 1036 0
4295 1102 0
4253 1169 0
4205 1230 0
4149 1283 0
4093 1327 0
4039 1361 0
3988 1384 0
3942 1403 0
3904 1415 0
3873 1421 0
3854 1421 0
3845 1416 0
3844 1412 0
3849 1402 0
3862 1394 0
3881 1380 0
3904 1368 0
3933 1351 0
3965 1340 0
4000 1329 0
4037 1323 0
4077 1322 0
4115 1324 0
4154 1331 0
4191 1340 0
4229 1354 0
4265 1364 0
4294 1379 0
4325 1389 0
4350 1401 0
4377 1411 0
4403 1419 0
4429 1429 0
4456 1431 0
4485 1430 0
4520 1429 0
4555 1429 0
4597 1417 0
4644 1398 0
4687 1378 4376
.PEN_UP
