.VERSION 1.0 0
.HIERARCHY CHARACTER
.COORD X Y T
.SEGMENT CHARACTER
.X_POINTS_PER_INCH 2500
.Y_POINTS_PER_INCH 2500
.POINTS_PER_SECOND 1200

.WRITER_ID 7
.AGE 24
.SEX MALE
.HAND RIGHT
.SKILL GOOD
.STYLE NORMAL
.COUNTRY  

.WRITER_INFO
 WriterName:JAGAN
 WriterTrailNo:1
 WriterProfession:
ENGVR
 WritingSetup:SOFTWARE

 WritingFrequency:Rarely
 WritingInProfession:No
 WritingFile:dcpath
.PEN_DOWN
4039 682 1542
4031 664 0
4030 645 0
4021 637 0
4014 634 0
4011 641 0
4004 657 0
3999 680 0
3994 709 0
3989 739 0
3983 776 0
3979 813 0
3976 850 0
3979 880 0
3985 910 0
3998 931 0
4013 949 0
4039 959 0
4069 968 0
4110 970 0
4150 971 0
4194 970 0
4245 968 0
4292 965 0
4341 964 0
4384 966 0
4420 977 0
4449 991 0
4472 1015 0
4489 1047 0
4491 1090 0
4487 1137 0
4472 1191 0
4452 1248 0
4424 1305 0
4391 1363 0
4350 1415 0
4300 1462 0
4247 1501 0
4189 1531 0
4133 1552 0
4078 1559 0
4025 1558 0
3977 1548 0
3939 1526 0
3910 1495 0
3894 1464 0
3887 1428 0
3890 1393 0
3901 1364 0
3920 1340 0
3942 1323 0
3972 1314 0
4002 1316 0
4035 1323 0
4069 1336 0
4101 1353 0
4133 1374 0
4161 1400 0
4189 1425 0
4210 1451 0
4224 1484 0
4238 1509 0
4247 1536 0
4247 1567 7431
.PEN_UP
.PEN_DOWN
4072 719 1542
4079 696 0
4086 678 0
4101 655 0
4125 634 0
4157 614 0
4201 589 0
4247 569 0
4311 543 0
4382 520 0
4468 492 0
4562 464 0
4658 436 0
4762 405 0
4857 371 0
4957 342 7741
.PEN_UP
