.VERSION 1.0 0
.HIERARCHY CHARACTER
.COORD X Y T
.SEGMENT CHARACTER
.X_POINTS_PER_INCH 2500
.Y_POINTS_PER_INCH 2500
.POINTS_PER_SECOND 1200

.WRITER_ID 7
.AGE 24
.SEX MALE
.HAND RIGHT
.SKILL GOOD
.STYLE NORMAL
.COUNTRY  

.WRITER_INFO
 WriterName:JAGAN
 WriterTrailNo:0
 WriterProfession:
ENGVR
 WritingSetup:SOFTWARE

 WritingFrequency:Rarely
 WritingInProfession:No
 WritingFile:dcpath
.PEN_DOWN
4496 624 11827
4504 592 0
4508 568 0
4503 538 0
4486 517 0
4475 489 0
4458 466 0
4440 438 0
4417 416 0
4396 394 0
4368 375 0
4345 358 0
4322 346 0
4295 338 0
4264 339 0
4234 346 0
4203 360 0
4167 381 0
4134 408 0
4098 443 0
4064 482 0
4032 520 0
4005 561 0
3984 602 0
3969 644 0
3962 684 0
3965 721 0
3979 750 0
4000 776 0
4031 796 0
4068 810 0
4114 816 0
4162 815 0
4213 806 0
4260 792 0
4306 771 0
4348 746 0
4389 718 0
4425 689 0
4456 656 0
4481 624 0
4501 589 0
4515 559 0
4528 528 0
4537 500 0
4540 477 0
4538 458 0
4537 443 0
4534 432 0
4533 427 0
4532 425 0
4531 427 0
4529 432 0
4528 441 0
4527 450 0
4527 461 0
4526 473 0
4524 490 0
4526 509 0
4524 527 0
4526 547 0
4526 569 0
4527 592 0
4527 620 0
4527 651 0
4527 680 0
4524 712 0
4522 748 0
4519 785 0
4515 827 0
4509 867 0
4501 911 0
4492 956 0
4482 999 0
4471 1041 0
4456 1081 0
4439 1118 0
4421 1152 0
4400 1183 0
4377 1208 0
4350 1231 0
4322 1253 0
4289 1271 0
4257 1285 0
4224 1296 0
4190 1306 0
4153 1310 0
4115 1313 0
4082 1306 0
4047 1297 0
4012 1283 24415
.PEN_UP
