.VERSION 1.0 0
.HIERARCHY CHARACTER
.COORD X Y T
.SEGMENT CHARACTER
.X_POINTS_PER_INCH 2500
.Y_POINTS_PER_INCH 2500
.POINTS_PER_SECOND 1200

.WRITER_ID 7
.AGE 24
.SEX MALE
.HAND RIGHT
.SKILL GOOD
.STYLE NORMAL
.COUNTRY  

.WRITER_INFO
 WriterName:JAGAN
 WriterTrailNo:1
 WriterProfession:
ENGVR
 WritingSetup:SOFTWARE

 WritingFrequency:Rarely
 WritingInProfession:No
 WritingFile:dcpath
.PEN_DOWN
4101 373 1542
4097 356 0
4106 334 0
4122 309 0
4142 292 0
4166 268 0
4190 254 0
4218 237 0
4242 235 0
4270 223 0
4294 222 0
4320 228 0
4342 232 0
4363 241 0
4377 253 0
4387 276 0
4393 300 0
4393 336 0
4386 371 0
4375 416 0
4354 471 0
4328 526 0
4300 578 0
4271 628 0
4241 672 0
4213 707 0
4189 735 0
4169 749 0
4158 754 0
4153 754 0
4157 745 0
4166 735 0
4182 721 0
4204 708 0
4232 694 0
4261 681 0
4299 671 0
4340 667 0
4382 662 0
4428 667 0
4471 676 0
4510 694 0
4550 720 0
4581 749 0
4601 787 0
4612 828 0
4612 875 0
4602 921 0
4576 970 0
4545 1015 0
4503 1059 0
4458 1097 0
4403 1132 0
4348 1161 0
4286 1184 0
4223 1198 0
4161 1206 0
4105 1207 0
4054 1199 0
4004 1186 0
3975 1160 0
3952 1125 0
3939 1087 0
3943 1035 5348
.PEN_UP
