.VERSION 1.0 0
.HIERARCHY CHARACTER
.COORD X Y T
.SEGMENT CHARACTER
.X_POINTS_PER_INCH 2500
.Y_POINTS_PER_INCH 2500
.POINTS_PER_SECOND 1200

.WRITER_ID 7
.AGE 24
.SEX MALE
.HAND RIGHT
.SKILL GOOD
.STYLE NORMAL
.COUNTRY  

.WRITER_INFO
 WriterName:JAGAN
 WriterTrailNo:0
 WriterProfession:
ENGVR
 WritingSetup:SOFTWARE

 WritingFrequency:Rarely
 WritingInProfession:No
 WritingFile:dcpath
.PEN_DOWN
3890 596 11827
3882 594 0
3872 594 0
3867 592 0
3855 592 0
3849 588 0
3839 582 0
3833 570 0
3824 555 0
3822 555 0
3820 543 0
3816 529 0
3811 514 0
3803 499 0
3802 481 0
3796 463 0
3791 444 0
3784 425 0
3783 404 0
3780 384 0
3779 366 0
3779 350 0
3783 332 0
3788 315 0
3794 301 0
3805 290 0
3819 281 0
3836 277 0
3857 272 0
3882 272 0
3909 272 0
3939 274 0
3972 276 0
4008 278 0
4044 281 0
4082 283 0
4120 284 0
4158 284 0
4192 283 0
4227 279 0
4262 276 0
4295 270 0
4326 262 0
4355 250 0
4379 241 0
4400 228 0
4417 217 0
4431 205 0
4443 193 0
4452 181 0
4458 172 0
4461 165 0
4461 161 0
4459 159 0
4458 162 0
4457 167 0
4453 179 0
4445 195 0
4442 223 0
4424 286 0
4407 361 0
4389 452 0
4372 552 0
4351 663 0
4334 774 0
4313 880 0
4297 975 0
4280 1063 0
4266 1141 0
4253 1211 0
4243 1263 0
4237 1305 0
4233 1340 0
4229 1364 0
4229 1380 0
4227 1391 0
4231 1391 0
4228 1391 0
4228 1384 0
4233 1366 0
4234 1343 21822
.PEN_UP
.PEN_DOWN
4054 894 11827
4050 887 0
4051 880 0
4058 876 0
4077 866 0
4100 859 0
4134 847 0
4171 833 0
4219 819 0
4260 811 22062
.PEN_UP
