.VERSION 1.0 0
.HIERARCHY CHARACTER
.COORD X Y T
.SEGMENT CHARACTER
.X_POINTS_PER_INCH 2500
.Y_POINTS_PER_INCH 2500
.POINTS_PER_SECOND 1200

.WRITER_ID 7
.AGE 24
.SEX MALE
.HAND RIGHT
.SKILL GOOD
.STYLE NORMAL
.COUNTRY  

.WRITER_INFO
 WriterName:JAGAN
 WriterTrailNo:0
 WriterProfession:
ENGVR
 WritingSetup:SOFTWARE

 WritingFrequency:Rarely
 WritingInProfession:No
 WritingFile:dcpath
.PEN_DOWN
4517 816 11827
4522 791 0
4523 763 0
4528 731 0
4528 700 0
4529 666 0
4526 634 0
4522 598 0
4512 568 0
4501 537 0
4484 509 0
4464 485 0
4442 467 0
4419 453 0
4391 444 0
4364 441 0
4335 448 0
4307 459 0
4279 477 0
4253 501 0
4229 529 0
4209 560 0
4192 594 0
4182 629 0
4176 663 0
4177 695 0
4186 726 0
4204 751 0
4225 777 0
4251 800 0
4280 822 0
4311 842 0
4339 862 0
4365 883 0
4398 903 0
4434 925 0
4472 948 0
4506 972 0
4540 998 0
4569 1023 0
4599 1049 0
4623 1079 0
4636 1112 0
4635 1148 0
4625 1184 0
4608 1222 0
4583 1259 0
4553 1295 0
4514 1329 0
4476 1352 0
4431 1371 0
4391 1382 0
4351 1382 0
4314 1371 0
4284 1352 0
4260 1323 0
4245 1287 0
4238 1244 0
4239 1195 0
4251 1139 0
4270 1087 0
4297 1033 0
4330 978 0
4372 927 0
4423 871 0
4476 822 0
4523 774 23164
.PEN_UP
