.VERSION 1.0 0
.HIERARCHY CHARACTER
.COORD X Y T
.SEGMENT CHARACTER
.X_POINTS_PER_INCH 2500
.Y_POINTS_PER_INCH 2500
.POINTS_PER_SECOND 1200

.WRITER_ID 7
.AGE 24
.SEX MALE
.HAND RIGHT
.SKILL GOOD
.STYLE NORMAL
.COUNTRY  

.WRITER_INFO
 WriterName:JAGAN
 WriterTrailNo:1
 WriterProfession:
ENGVR
 WritingSetup:SOFTWARE

 WritingFrequency:Rarely
 WritingInProfession:No
 WritingFile:dcpath
.PEN_DOWN
4387 536 1542
4398 503 0
4409 468 0
4421 438 0
4426 417 0
4438 397 0
4440 385 0
4444 379 0
4439 390 0
4431 410 0
4417 441 0
4398 481 0
4375 528 0
4346 587 0
4309 652 0
4266 720 0
4218 797 0
4164 873 0
4108 948 0
4051 1021 0
3993 1086 0
3939 1142 0
3894 1188 0
3858 1221 0
3829 1239 0
3811 1241 0
3802 1231 0
3801 1214 0
3810 1192 0
3827 1166 0
3854 1137 0
3887 1110 0
3929 1088 0
3976 1072 0
4028 1059 0
4086 1051 0
4143 1049 0
4200 1049 0
4255 1049 0
4308 1049 0
4358 1042 0
4406 1038 0
4451 1027 0
4491 1014 0
4528 998 0
4565 977 0
4595 956 0
4620 929 0
4639 902 0
4649 870 0
4655 834 0
4654 801 0
4646 767 0
4635 732 0
4620 698 0
4602 668 0
4584 644 0
4567 623 0
4548 612 0
4533 606 0
4522 607 0
4512 616 0
4505 639 0
4503 667 0
4501 708 0
4503 760 0
4504 828 0
4508 913 0
4509 1008 0
4510 1111 0
4510 1217 0
4508 1327 0
4512 1429 0
4513 1530 0
4517 1614 0
4524 1678 6449
.PEN_UP
