.VERSION 1.0 0
.HIERARCHY CHARACTER
.COORD X Y T
.SEGMENT CHARACTER
.X_POINTS_PER_INCH 2500
.Y_POINTS_PER_INCH 2500
.POINTS_PER_SECOND 1200

.WRITER_ID 7
.AGE 24
.SEX MALE
.HAND RIGHT
.SKILL GOOD
.STYLE NORMAL
.COUNTRY  

.WRITER_INFO
 WriterName:JAGAN
 WriterTrailNo:0
 WriterProfession:
ENGVR
 WritingSetup:SOFTWARE

 WritingFrequency:Rarely
 WritingInProfession:No
 WritingFile:dcpath
.PEN_DOWN
3745 528 11827
3744 512 0
3745 496 0
3754 476 0
3761 461 0
3777 438 0
3792 418 0
3813 397 0
3836 383 0
3863 365 0
3895 355 0
3927 346 0
3960 343 0
3994 347 0
4030 355 0
4063 366 0
4093 383 0
4120 404 0
4139 430 0
4150 458 0
4153 494 0
4144 529 0
4126 573 0
4100 617 0
4063 667 0
4023 720 0
3979 774 0
3933 833 0
3887 896 0
3844 959 0
3805 1019 0
3771 1083 0
3741 1142 0
3714 1197 0
3680 1248 0
3652 1294 0
3627 1331 0
3606 1361 0
3587 1384 0
3572 1398 0
3557 1408 0
3545 1412 0
3545 1408 0
3560 1398 0
3578 1384 0
3595 1368 0
3615 1347 0
3638 1324 0
3661 1299 0
3688 1269 0
3718 1241 0
3736 1213 0
3755 1183 0
3778 1156 0
3801 1130 0
3829 1110 0
3859 1093 0
3894 1079 0
3932 1070 0
3975 1067 0
4019 1065 0
4065 1067 0
4115 1070 0
4164 1075 0
4211 1079 0
4255 1086 0
4298 1093 0
4336 1100 0
4369 1106 0
4403 1111 0
4434 1119 0
4461 1121 0
4486 1125 0
4514 1124 0
4536 1121 0
4559 1114 0
4580 1105 0
4597 1088 0
4616 1067 0
4620 1050 0
4629 1027 0
4630 1000 0
4626 972 15673
.PEN_UP
