.VERSION 1.0 0
.HIERARCHY CHARACTER
.COORD X Y T
.SEGMENT CHARACTER
.X_POINTS_PER_INCH 2500
.Y_POINTS_PER_INCH 2500
.POINTS_PER_SECOND 1200

.WRITER_ID 0
.AGE 27
.SEX MALE
.HAND RIGHT
.SKILL OK
.STYLE NORMAL
.COUNTRY  
.WRITER_INFO
 WriterName:MURALIKRISHNA
 WriterTrailNo:0
 WriterProfession:SOFTWARE
 WritingSetup:TABLETPC
 WritingFrequency:Everyday
 WritingInProfession:No
 WritingFile:dcpath
.PEN_DOWN
3791 547 6720
3829 510 0
3867 466 0
3908 404 0
3934 356 0
3960 300 0
3962 254 0
3944 207 0
3900 180 0
3833 165 0
3732 173 0
3616 195 0
3489 236 0
3366 293 0
3254 361 0
3164 432 0
3103 500 0
3086 557 0
3110 602 0
3171 630 0
3260 646 0
3371 652 0
3492 651 0
3613 651 0
3723 657 0
3808 675 0
3866 714 0
3895 785 0
3902 874 0
3888 1001 0
3862 1152 0
3835 1345 0
3835 1345 0
3835 1345 0
3835 1345 0
3835 1345 0
3835 1345 29412
.PEN_UP
.PEN_DOWN
3835 1345 6720
3835 1345 0
3835 1345 0
3835 1345 0
3835 1345 0
3835 1345 0
3835 1345 0
3835 1345 0
3835 1345 0
3835 1345 45345
.PEN_UP
.PEN_DOWN
3835 1345 6720
3835 1345 0
3835 1345 0
3835 1345 0
3835 1345 0
3835 1345 0
3835 1345 0
3835 1345 0
3835 1345 0
3835 1345 45465
.PEN_UP
