.VERSION 1.0 0
.HIERARCHY CHARACTER
.COORD X Y T
.SEGMENT CHARACTER
.X_POINTS_PER_INCH 2500
.Y_POINTS_PER_INCH 2500
.POINTS_PER_SECOND 1200

.WRITER_ID 2
.AGE 26
.SEX MALE
.HAND RIGHT
.SKILL OK
.STYLE NORMAL
.COUNTRY  
.WRITER_INFO
 WriterName:VIJAYAKUMARA M
 WriterTrailNo:1
 WriterProfession:SOFTWARE
 WritingSetup:TABLETPC
 WritingFrequency:Everyday
 WritingInProfession:No
 WritingFile:dcpath
.PEN_DOWN
1427 652 3525
1424 644 0
1423 638 0
1418 633 0
1413 625 0
1404 621 0
1394 617 0
1382 616 0
1368 615 0
1350 617 0
1330 621 0
1308 626 0
1282 635 0
1255 648 0
1222 663 0
1188 684 0
1183 686 0
1162 697 0
1141 712 0
1116 730 0
1094 751 0
1071 773 0
1049 799 0
1029 825 0
1006 859 0
989 889 0
973 924 0
960 959 0
947 998 0
941 1035 0
940 1121 0
952 1190 0
982 1251 0
1015 1303 0
1054 1341 0
1095 1366 0
1130 1382 0
1169 1387 0
1195 1387 0
1226 1382 0
1250 1373 0
1273 1360 0
1292 1343 0
1308 1324 0
1320 1301 0
1329 1274 0
1334 1245 0
1334 1216 0
1329 1186 0
1319 1155 0
1310 1125 0
1294 1096 0
1280 1069 0
1258 1049 0
1232 1031 0
1204 1017 0
1174 1008 0
1144 1004 0
1141 1007 0
1120 1007 0
1100 1009 0
1078 1013 0
1054 1021 0
1027 1027 0
1003 1040 0
980 1051 16043
.PEN_UP
