.VERSION 1.0 0
.HIERARCHY CHARACTER
.COORD X Y T
.SEGMENT CHARACTER
.X_POINTS_PER_INCH 2500
.Y_POINTS_PER_INCH 2500
.POINTS_PER_SECOND 1200

.WRITER_ID 2
.AGE 26
.SEX MALE
.HAND RIGHT
.SKILL OK
.STYLE NORMAL
.COUNTRY  
.WRITER_INFO
 WriterName:VIJAYAKUMARA M
 WriterTrailNo:1
 WriterProfession:SOFTWARE
 WritingSetup:TABLETPC
 WritingFrequency:Everyday
 WritingInProfession:No
 WritingFile:dcpath
.PEN_DOWN
1191 601 3525
1189 597 0
1172 597 0
1170 600 0
1165 598 0
1155 600 0
1141 607 0
1127 619 0
1115 630 0
1100 646 0
1086 667 0
1067 695 0
1054 722 0
1041 755 0
1026 792 0
1013 834 0
1002 875 0
992 919 0
985 963 0
983 1012 0
997 1072 0
1016 1162 0
1047 1237 0
1087 1303 0
1130 1343 0
1179 1371 0
1226 1382 0
1275 1384 0
1308 1374 0
1340 1359 0
1368 1341 0
1394 1319 0
1418 1296 0
1443 1266 0
1466 1237 0
1488 1203 0
1508 1166 0
1530 1124 0
1544 1082 0
1553 1035 0
1559 991 0
1563 949 0
1563 908 0
1560 870 0
1554 837 0
1542 809 0
1535 783 0
1525 762 0
1512 741 0
1498 722 0
1485 705 0
1467 691 0
1451 683 0
1434 672 0
1418 666 0
1399 663 0
1382 661 0
1366 662 0
1349 661 0
1333 660 0
1316 660 0
1300 657 0
1282 654 0
1264 648 0
1249 639 0
1230 635 0
1207 628 0
1200 630 0
1188 625 0
1171 624 0
1158 625 0
1144 626 3986
.PEN_UP
