.VERSION 1.0 0
.HIERARCHY CHARACTER
.COORD X Y T
.SEGMENT CHARACTER
.X_POINTS_PER_INCH 2500
.Y_POINTS_PER_INCH 2500
.POINTS_PER_SECOND 1200

.WRITER_ID 2
.AGE 26
.SEX MALE
.HAND RIGHT
.SKILL OK
.STYLE NORMAL
.COUNTRY  
.WRITER_INFO
 WriterName:VIJAYAKUMARA M
 WriterTrailNo:1
 WriterProfession:SOFTWARE
 WritingSetup:TABLETPC
 WritingFrequency:Everyday
 WritingInProfession:No
 WritingFile:dcpath
.PEN_DOWN
961 685 3525
957 686 0
956 683 0
955 685 0
952 683 0
952 683 0
955 683 0
988 655 0
1002 655 0
1030 662 0
1064 659 0
1104 663 0
1148 659 0
1200 662 0
1250 657 0
1294 651 0
1345 648 0
1387 643 0
1428 640 0
1460 636 0
1486 634 0
1504 631 0
1517 630 0
1520 634 0
1516 634 0
1506 634 0
1489 639 0
1469 643 13349
.PEN_UP
.PEN_DOWN
913 750 3525
913 747 0
913 743 0
912 745 0
910 745 0
909 750 0
905 756 0
902 766 0
895 778 0
893 792 0
888 810 0
885 826 0
880 849 0
877 868 0
872 890 0
866 913 0
862 934 0
854 954 0
852 971 0
852 988 0
851 1001 0
854 1010 0
861 1017 0
867 1021 0
879 1021 0
889 1020 0
919 997 0
952 988 0
992 971 0
1038 961 0
1085 947 0
1129 942 0
1177 934 0
1219 940 0
1255 941 0
1291 946 0
1320 954 0
1344 964 0
1362 978 0
1376 994 0
1382 1014 0
1386 1034 0
1382 1056 0
1372 1077 0
1362 1102 0
1348 1118 0
1330 1136 0
1310 1159 0
1287 1181 0
1258 1203 0
1221 1223 0
1217 1225 0
1194 1234 0
1172 1244 0
1147 1256 0
1119 1266 0
1094 1276 0
1066 1288 0
1040 1298 0
1012 1309 0
987 1313 0
961 1317 0
936 1322 0
909 1327 0
888 1327 0
863 1331 0
846 1332 0
830 1334 0
818 1334 0
807 1334 0
799 1332 0
791 1331 0
786 1330 0
782 1330 0
778 1328 0
772 1328 0
769 1328 0
767 1328 0
767 1331 14190
.PEN_UP
