.VERSION 1.0 0
.HIERARCHY CHARACTER
.COORD X Y T
.SEGMENT CHARACTER
.X_POINTS_PER_INCH 2500
.Y_POINTS_PER_INCH 2500
.POINTS_PER_SECOND 1200

.WRITER_ID 2
.AGE 26
.SEX MALE
.HAND RIGHT
.SKILL OK
.STYLE NORMAL
.COUNTRY  
.WRITER_INFO
 WriterName:VIJAYAKUMARA M
 WriterTrailNo:1
 WriterProfession:SOFTWARE
 WritingSetup:TABLETPC
 WritingFrequency:Everyday
 WritingInProfession:No
 WritingFile:dcpath
.PEN_DOWN
1134 520 3525
1137 519 0
1141 520 0
1150 519 0
1153 524 0
1151 528 0
1141 541 0
1138 543 0
1130 550 0
1116 559 0
1104 572 0
1086 587 0
1069 597 0
1050 616 0
1024 637 0
998 662 0
973 684 0
946 709 0
918 736 0
890 767 0
870 792 0
851 823 0
835 851 0
823 878 0
816 904 0
814 929 0
815 952 0
823 975 0
854 989 0
905 1019 0
968 1040 0
1040 1056 0
1109 1063 0
1179 1069 0
1241 1072 0
1297 1073 0
1336 1074 0
1366 1072 0
1385 1072 0
1400 1072 0
1411 1070 0
1414 1074 0
1415 1070 0
1411 1073 0
1404 1073 0
1394 1072 11106
.PEN_UP
.PEN_DOWN
1068 603 3525
1073 603 0
1074 600 0
1072 602 0
1078 592 0
1078 594 0
1078 589 0
1081 592 0
1082 589 0
1082 592 0
1087 583 0
1096 586 0
1100 587 0
1104 584 0
1110 584 0
1114 583 0
1123 584 0
1127 583 0
1127 582 0
1128 578 0
1129 578 0
1133 575 0
1138 575 0
1146 573 0
1146 572 0
1147 570 0
1150 570 0
1152 572 0
1157 573 0
1156 575 0
1153 582 0
1153 588 0
1152 600 0
1147 612 0
1141 631 0
1133 648 0
1123 679 0
1115 714 0
1113 720 0
1105 744 0
1095 773 0
1086 804 0
1072 837 0
1063 874 0
1054 915 0
1044 952 0
1034 990 0
1026 1030 0
1019 1069 0
1011 1109 0
1002 1148 0
993 1183 0
985 1216 0
975 1245 0
969 1267 0
964 1291 0
961 1306 0
957 1319 0
957 1324 11957
.PEN_UP
