.VERSION 1.0 0
.HIERARCHY CHARACTER
.COORD X Y T
.SEGMENT CHARACTER
.X_POINTS_PER_INCH 2500
.Y_POINTS_PER_INCH 2500
.POINTS_PER_SECOND 1200

.WRITER_ID 2
.AGE 26
.SEX MALE
.HAND RIGHT
.SKILL OK
.STYLE NORMAL
.COUNTRY  
.WRITER_INFO
 WriterName:VIJAYAKUMARA M
 WriterTrailNo:1
 WriterProfession:SOFTWARE
 WritingSetup:TABLETPC
 WritingFrequency:Everyday
 WritingInProfession:No
 WritingFile:dcpath
.PEN_DOWN
1560 550 3525
1553 538 0
1539 531 0
1526 522 0
1506 514 0
1484 504 0
1458 499 0
1432 491 0
1399 491 0
1367 489 0
1333 492 0
1301 494 0
1265 503 0
1231 517 0
1195 531 0
1161 549 0
1133 570 0
1110 591 0
1091 611 0
1078 631 0
1071 652 0
1073 668 0
1087 683 0
1113 693 0
1142 702 0
1177 707 0
1216 712 0
1256 713 0
1297 712 0
1336 709 0
1373 705 0
1400 702 0
1425 698 0
1447 693 0
1465 688 0
1483 681 0
1500 675 0
1513 668 0
1526 662 0
1534 657 0
1540 653 0
1544 651 0
1549 649 0
1550 649 0
1548 651 0
1545 654 0
1541 660 0
1537 667 0
1531 680 0
1523 694 0
1509 716 0
1493 740 0
1474 773 0
1455 806 0
1431 848 0
1409 892 0
1385 939 0
1364 985 0
1344 1030 0
1326 1072 0
1311 1110 0
1301 1144 0
1289 1175 0
1280 1200 0
1273 1221 0
1268 1236 0
1264 1248 0
1261 1258 0
1258 1264 0
1255 1267 0
1255 1268 0
1252 1267 0
1255 1262 0
1251 1259 0
1251 1255 0
1251 1248 0
1252 1236 21421
.PEN_UP
