.VERSION 1.0 0
.HIERARCHY CHARACTER
.COORD X Y T
.SEGMENT CHARACTER
.X_POINTS_PER_INCH 2500
.Y_POINTS_PER_INCH 2500
.POINTS_PER_SECOND 1200

.WRITER_ID 2
.AGE 26
.SEX MALE
.HAND RIGHT
.SKILL OK
.STYLE NORMAL
.COUNTRY  
.WRITER_INFO
 WriterName:VIJAYAKUMARA M
 WriterTrailNo:1
 WriterProfession:SOFTWARE
 WritingSetup:TABLETPC
 WritingFrequency:Everyday
 WritingInProfession:No
 WritingFile:dcpath
.PEN_DOWN
888 767 3525
884 767 0
875 768 0
870 767 0
863 768 0
854 769 0
846 769 0
838 769 0
832 768 0
824 767 0
818 765 0
811 763 0
806 760 0
800 757 0
797 753 0
796 748 0
799 741 0
799 736 0
805 728 0
813 722 0
821 714 0
834 708 0
848 700 0
863 695 0
877 688 0
896 683 0
921 693 0
964 681 0
1005 676 0
1044 671 0
1078 674 0
1105 672 0
1125 681 0
1147 689 0
1152 700 0
1157 717 0
1157 734 0
1150 755 0
1147 759 0
1139 772 0
1130 787 0
1122 805 0
1110 825 0
1096 845 0
1082 869 0
1064 893 0
1043 921 0
1025 945 0
1007 971 0
987 996 0
964 1028 0
942 1052 0
921 1081 0
900 1109 0
882 1135 0
866 1158 0
849 1183 0
833 1203 0
816 1222 0
805 1239 0
791 1253 0
781 1267 0
772 1276 0
764 1286 0
760 1292 0
754 1299 0
748 1304 0
746 1306 0
744 1309 0
741 1313 0
739 1314 0
738 1314 0
738 1314 0
736 1314 0
739 1311 0
740 1310 0
744 1309 0
748 1306 0
750 1304 0
759 1303 0
763 1301 0
769 1299 0
779 1295 0
791 1292 0
805 1288 0
819 1283 0
834 1278 0
849 1276 0
866 1272 0
886 1267 0
903 1264 0
936 1255 0
978 1253 0
1013 1253 0
1050 1255 0
1078 1258 0
1105 1262 0
1138 1266 0
1162 1271 0
1181 1271 0
1199 1272 0
1217 1272 0
1230 1272 0
1241 1272 0
1249 1271 0
1250 1271 0
1245 1272 0
1245 1267 0
1235 1271 0
1232 1271 0
1227 1267 0
1222 1264 7921
.PEN_UP
