.VERSION 1.0 0
.HIERARCHY CHARACTER
.COORD X Y T
.SEGMENT CHARACTER
.X_POINTS_PER_INCH 2500
.Y_POINTS_PER_INCH 2500
.POINTS_PER_SECOND 1200

.WRITER_ID 2
.AGE 26
.SEX MALE
.HAND RIGHT
.SKILL OK
.STYLE NORMAL
.COUNTRY  
.WRITER_INFO
 WriterName:VIJAYAKUMARA M
 WriterTrailNo:1
 WriterProfession:SOFTWARE
 WritingSetup:TABLETPC
 WritingFrequency:Everyday
 WritingInProfession:No
 WritingFile:dcpath
.PEN_DOWN
1217 799 3525
1216 795 0
1219 792 0
1218 791 0
1223 787 0
1228 787 0
1232 783 0
1236 785 0
1237 781 0
1240 781 0
1242 777 0
1244 778 0
1245 776 0
1242 777 0
1244 777 0
1244 778 0
1245 779 0
1244 786 0
1242 792 0
1242 802 0
1241 816 0
1240 837 0
1235 859 0
1228 889 0
1223 916 0
1216 950 0
1209 990 0
1197 1032 0
1188 1073 0
1180 1118 0
1176 1160 0
1167 1200 0
1163 1245 0
1160 1285 0
1152 1320 0
1151 1356 0
1148 1388 0
1148 1417 0
1148 1440 0
1147 1461 0
1144 1477 0
1143 1491 0
1147 1498 0
1147 1502 0
1142 1502 0
1141 1496 0
1136 1498 0
1134 1479 0
1130 1468 0
1130 1452 0
1132 1433 5908
.PEN_UP
