.VERSION 1.0 0
.HIERARCHY CHARACTER
.COORD X Y T
.SEGMENT CHARACTER
.X_POINTS_PER_INCH 2500
.Y_POINTS_PER_INCH 2500
.POINTS_PER_SECOND 1200

.WRITER_ID 2
.AGE 26
.SEX MALE
.HAND RIGHT
.SKILL OK
.STYLE NORMAL
.COUNTRY  
.WRITER_INFO
 WriterName:VIJAYAKUMARA M
 WriterTrailNo:0
 WriterProfession:SOFTWARE
 WritingSetup:TABLETPC
 WritingFrequency:Everyday
 WritingInProfession:No
 WritingFile:dcpath
.PEN_DOWN
1216 549 22282
1226 541 0
1235 538 0
1236 540 0
1233 543 0
1226 554 0
1213 564 0
1190 582 0
1185 587 0
1169 596 0
1151 606 0
1129 617 0
1105 642 0
1085 658 0
1060 681 0
1039 705 0
1013 734 0
993 755 0
971 782 0
952 806 0
936 834 0
924 856 0
918 879 0
931 888 0
944 930 0
982 962 0
1025 978 0
1081 982 0
1144 987 0
1212 981 0
1275 977 0
1325 971 0
1373 962 0
1410 954 0
1436 949 0
1458 944 0
1472 939 0
1480 939 31255
.PEN_UP
.PEN_DOWN
1099 637 22282
1101 634 0
1108 631 0
1109 631 0
1109 630 0
1110 635 0
1110 642 0
1111 656 0
1113 672 0
1105 703 0
1102 709 0
1099 731 0
1090 762 0
1081 800 0
1067 843 0
1062 887 0
1054 933 0
1043 980 0
1033 1032 0
1025 1078 0
1015 1125 0
1005 1172 0
996 1217 0
987 1259 0
978 1301 0
969 1337 0
964 1368 0
960 1391 0
959 1405 0
959 1415 31806
.PEN_UP
