.VERSION 1.0 0
.HIERARCHY CHARACTER
.COORD X Y T
.SEGMENT CHARACTER
.X_POINTS_PER_INCH 2500
.Y_POINTS_PER_INCH 2500
.POINTS_PER_SECOND 1200

.WRITER_ID 2
.AGE 26
.SEX MALE
.HAND RIGHT
.SKILL OK
.STYLE NORMAL
.COUNTRY  
.WRITER_INFO
 WriterName:VIJAYAKUMARA M
 WriterTrailNo:0
 WriterProfession:SOFTWARE
 WritingSetup:TABLETPC
 WritingFrequency:Everyday
 WritingInProfession:No
 WritingFile:dcpath
.PEN_DOWN
1072 567 22282
1071 566 0
1064 567 0
1062 571 0
1066 561 0
1067 569 0
1083 564 0
1096 569 0
1124 564 0
1153 567 0
1191 558 0
1233 562 0
1286 558 0
1338 553 0
1389 551 0
1437 547 0
1478 542 0
1514 538 0
1544 537 0
1564 535 0
1577 534 0
1578 535 0
1577 534 0
1567 537 0
1550 539 0
1534 543 35191
.PEN_UP
.PEN_DOWN
938 630 22282
938 629 0
938 626 0
938 625 0
938 625 0
938 625 0
938 627 0
937 635 0
936 646 0
933 659 0
928 678 0
926 696 0
921 722 0
918 745 0
913 771 0
909 797 0
905 825 0
899 852 0
894 881 0
889 906 0
884 932 0
880 955 0
880 974 0
880 991 0
882 1001 0
888 1008 0
895 1011 0
904 1010 0
932 993 0
961 982 0
996 963 0
1026 949 0
1067 929 0
1097 920 0
1133 914 0
1165 915 0
1190 918 0
1217 922 0
1242 929 0
1272 938 0
1296 949 0
1320 964 0
1343 982 0
1354 1002 0
1363 1025 0
1364 1049 0
1361 1075 0
1347 1096 0
1328 1121 0
1306 1146 0
1277 1169 0
1244 1193 0
1209 1215 0
1203 1218 0
1181 1226 0
1156 1239 0
1130 1249 0
1100 1262 0
1073 1271 0
1043 1284 0
1016 1293 0
985 1303 0
957 1305 0
926 1311 0
899 1313 0
868 1317 0
846 1316 0
823 1316 0
800 1316 0
783 1313 0
767 1304 0
753 1302 0
744 1297 0
736 1291 0
731 1286 0
726 1281 0
725 1277 0
724 1275 0
726 1267 0
729 1263 0
732 1263 0
736 1262 36132
.PEN_UP
