.VERSION 1.0 0
.HIERARCHY CHARACTER
.COORD X Y T
.SEGMENT CHARACTER
.X_POINTS_PER_INCH 2500
.Y_POINTS_PER_INCH 2500
.POINTS_PER_SECOND 1200

.WRITER_ID 2
.AGE 26
.SEX MALE
.HAND RIGHT
.SKILL OK
.STYLE NORMAL
.COUNTRY  
.WRITER_INFO
 WriterName:VIJAYAKUMARA M
 WriterTrailNo:0
 WriterProfession:SOFTWARE
 WritingSetup:TABLETPC
 WritingFrequency:Everyday
 WritingInProfession:No
 WritingFile:dcpath
.PEN_DOWN
950 679 22282
950 679 0
959 694 0
977 685 0
1008 670 0
1050 662 0
1100 646 0
1148 642 0
1200 634 0
1241 640 0
1275 653 0
1306 667 0
1326 685 0
1336 707 0
1338 731 0
1328 757 0
1312 785 0
1287 809 0
1259 836 0
1230 859 0
1225 856 0
1203 873 0
1181 888 0
1162 898 0
1118 938 0
1099 958 0
1087 977 0
1090 994 0
1100 1009 0
1123 1026 0
1165 1032 0
1212 1041 0
1258 1052 0
1300 1067 0
1344 1081 0
1381 1097 0
1409 1118 0
1425 1138 0
1437 1161 0
1438 1185 0
1429 1214 0
1418 1237 0
1399 1264 0
1373 1288 0
1344 1313 0
1315 1334 0
1275 1356 0
1269 1360 0
1247 1368 0
1222 1377 0
1194 1384 0
1166 1393 0
1138 1398 0
1109 1402 0
1080 1405 0
1047 1410 0
1019 1407 0
989 1405 0
963 1403 0
933 1402 0
909 1396 0
881 1391 0
857 1387 0
839 1382 0
823 1375 0
809 1369 0
797 1364 0
788 1357 0
781 1354 0
774 1351 0
771 1350 0
769 1348 0
768 1350 29923
.PEN_UP
