.VERSION 1.0 0
.HIERARCHY CHARACTER
.COORD X Y T
.SEGMENT CHARACTER
.X_POINTS_PER_INCH 2500
.Y_POINTS_PER_INCH 2500
.POINTS_PER_SECOND 1200

.WRITER_ID 2
.AGE 26
.SEX MALE
.HAND RIGHT
.SKILL OK
.STYLE NORMAL
.COUNTRY  
.WRITER_INFO
 WriterName:VIJAYAKUMARA M
 WriterTrailNo:0
 WriterProfession:SOFTWARE
 WritingSetup:TABLETPC
 WritingFrequency:Everyday
 WritingInProfession:No
 WritingFile:dcpath
.PEN_DOWN
1639 626 22282
1645 610 0
1649 593 0
1645 577 0
1643 556 0
1635 541 0
1624 520 0
1607 506 0
1589 490 0
1563 484 0
1535 478 0
1499 481 0
1466 487 0
1429 503 0
1394 523 0
1359 549 0
1330 579 0
1305 610 0
1287 646 0
1277 684 0
1273 720 0
1279 755 0
1293 788 0
1317 822 0
1345 851 0
1378 879 0
1414 907 0
1451 936 0
1484 966 0
1512 993 0
1528 1018 0
1539 1044 0
1537 1069 0
1530 1093 0
1509 1112 0
1483 1128 0
1453 1137 0
1419 1143 0
1387 1148 0
1355 1147 0
1328 1142 0
1301 1134 0
1283 1123 0
1269 1107 0
1261 1089 0
1259 1065 0
1263 1040 0
1275 1010 0
1294 977 0
1321 936 0
1358 892 0
1401 843 0
1450 791 0
1502 741 0
1549 694 0
1596 648 0
1635 612 0
1667 582 0
1690 563 0
1703 554 0
1705 557 0
1705 565 0
1703 577 0
1695 601 41520
.PEN_UP
