.VERSION 1.0 0
.HIERARCHY CHARACTER
.COORD X Y T
.SEGMENT CHARACTER
.X_POINTS_PER_INCH 2500
.Y_POINTS_PER_INCH 2500
.POINTS_PER_SECOND 1200

.WRITER_ID 2
.AGE 26
.SEX MALE
.HAND RIGHT
.SKILL OK
.STYLE NORMAL
.COUNTRY  
.WRITER_INFO
 WriterName:VIJAYAKUMARA M
 WriterTrailNo:1
 WriterProfession:SOFTWARE
 WritingSetup:TABLETPC
 WritingFrequency:Everyday
 WritingInProfession:No
 WritingFile:dcpath
.PEN_DOWN
1040 424 3525
1040 424 0
1039 426 0
1040 429 0
1041 432 0
1045 435 0
1078 431 0
1096 440 0
1099 440 0
1116 445 0
1171 461 0
1175 459 0
1200 463 0
1233 467 0
1265 468 0
1301 468 0
1338 468 0
1375 468 0
1409 467 0
1445 464 0
1480 463 0
1514 462 0
1541 459 0
1569 455 0
1589 453 0
1610 450 0
1626 448 0
1638 447 0
1644 447 0
1649 454 0
1639 472 0
1621 498 0
1597 535 0
1572 578 0
1542 633 0
1512 689 0
1479 753 0
1447 815 0
1420 876 0
1396 931 0
1376 981 0
1359 1028 0
1349 1067 0
1340 1101 0
1335 1126 0
1333 1147 0
1330 1161 0
1330 1171 0
1329 1179 0
1331 1180 0
1328 1183 0
1330 1176 0
1329 1172 0
1326 1167 0
1325 1160 17916
.PEN_UP
