.VERSION 1.0 0
.HIERARCHY CHARACTER
.COORD X Y T
.SEGMENT CHARACTER
.X_POINTS_PER_INCH 2500
.Y_POINTS_PER_INCH 2500
.POINTS_PER_SECOND 1200

.WRITER_ID 2
.AGE 26
.SEX MALE
.HAND RIGHT
.SKILL OK
.STYLE NORMAL
.COUNTRY  
.WRITER_INFO
 WriterName:VIJAYAKUMARA M
 WriterTrailNo:0
 WriterProfession:SOFTWARE
 WritingSetup:TABLETPC
 WritingFrequency:Everyday
 WritingInProfession:No
 WritingFile:dcpath
.PEN_DOWN
1933 644 22282
1921 630 0
1907 612 0
1897 598 0
1878 586 0
1859 577 0
1830 575 0
1802 574 0
1765 580 0
1728 589 0
1685 606 0
1642 620 0
1598 640 0
1560 660 0
1526 680 0
1500 702 0
1483 723 0
1476 742 0
1481 762 0
1495 781 0
1523 794 0
1558 805 0
1597 814 0
1642 818 0
1689 819 0
1736 815 0
1784 809 0
1825 799 0
1862 787 0
1895 774 0
1921 760 0
1943 746 0
1958 736 0
1968 725 0
1976 720 0
1977 712 0
1980 709 0
1977 709 0
1973 716 0
1971 725 0
1966 741 0
1957 764 0
1944 795 0
1929 832 0
1911 875 0
1891 924 0
1869 971 0
1845 1021 0
1822 1065 0
1803 1105 0
1785 1139 0
1771 1165 0
1761 1185 0
1752 1199 0
1746 1209 0
1742 1216 0
1741 1220 0
1738 1222 0
1741 1222 0
1738 1225 0
1742 1221 0
1742 1221 0
1741 1220 0
1743 1214 43052
.PEN_UP
