.VERSION 1.0 0
.HIERARCHY CHARACTER
.COORD X Y T
.SEGMENT CHARACTER
.X_POINTS_PER_INCH 2500
.Y_POINTS_PER_INCH 2500
.POINTS_PER_SECOND 1200

.WRITER_ID 2
.AGE 26
.SEX MALE
.HAND RIGHT
.SKILL OK
.STYLE NORMAL
.COUNTRY  
.WRITER_INFO
 WriterName:VIJAYAKUMARA M
 WriterTrailNo:1
 WriterProfession:SOFTWARE
 WritingSetup:TABLETPC
 WritingFrequency:Everyday
 WritingInProfession:No
 WritingFile:dcpath
.PEN_DOWN
997 582 22282
993 573 0
988 565 0
980 556 0
973 551 0
965 547 0
957 545 0
950 545 0
940 549 0
930 556 0
923 565 0
913 579 0
904 596 0
894 619 0
889 640 0
880 671 0
872 702 0
863 736 0
860 772 0
852 813 0
849 851 0
844 894 0
843 936 0
842 977 0
843 1018 0
846 1056 0
852 1093 0
860 1132 0
866 1162 0
876 1189 0
886 1213 0
898 1232 0
914 1249 0
927 1260 0
942 1272 0
960 1306 0
1005 1303 0
1047 1299 0
1094 1283 0
1127 1262 0
1163 1241 0
1195 1226 0
1226 1204 0
1246 1188 0
1258 1171 0
1273 1152 0
1280 1130 0
1289 1109 0
1298 1082 0
1302 1054 0
1303 1027 0
1306 998 0
1307 970 0
1307 941 0
1306 913 0
1301 885 0
1298 859 0
1294 836 0
1288 811 0
1277 787 0
1268 762 0
1255 737 0
1246 714 0
1239 690 0
1226 670 0
1213 649 0
1198 633 0
1190 616 0
1176 606 0
1172 606 0
1162 598 0
1151 591 0
1141 584 0
1128 579 0
1116 574 0
1105 569 0
1094 566 0
1083 565 0
1073 560 0
1060 555 0
1049 552 0
1036 550 0
1022 546 0
1013 543 0
999 538 0
989 537 0
982 535 0
975 535 0
966 535 0
963 535 0
955 535 0
945 535 0
938 535 0
930 535 0
924 537 0
921 537 0
918 537 0
916 540 0
913 541 0
909 542 0
907 546 0
904 551 0
907 554 0
900 559 0
899 563 0
895 568 0
893 570 0
893 575 0
890 579 0
888 586 0
885 591 0
881 598 0
877 603 0
872 610 0
870 614 0
868 619 0
866 628 23063
.PEN_UP
