.VERSION 1.0 0
.HIERARCHY CHARACTER
.COORD X Y T
.SEGMENT CHARACTER
.X_POINTS_PER_INCH 2500
.Y_POINTS_PER_INCH 2500
.POINTS_PER_SECOND 1200

.WRITER_ID 2
.AGE 26
.SEX MALE
.HAND RIGHT
.SKILL OK
.STYLE NORMAL
.COUNTRY  
.WRITER_INFO
 WriterName:VIJAYAKUMARA M
 WriterTrailNo:1
 WriterProfession:SOFTWARE
 WritingSetup:TABLETPC
 WritingFrequency:Everyday
 WritingInProfession:No
 WritingFile:dcpath
.PEN_DOWN
806 603 3525
802 601 0
800 602 0
801 601 0
801 601 0
806 600 0
813 600 0
824 600 0
838 600 0
875 628 0
926 628 0
979 621 0
1035 625 0
1092 621 0
1141 631 0
1183 635 0
1207 651 0
1222 667 0
1223 684 0
1218 703 0
1205 721 0
1185 740 0
1179 744 0
1163 750 0
1146 760 0
1127 771 0
1106 783 0
1086 791 0
1064 804 0
1044 813 0
1024 829 0
1008 837 0
993 847 0
983 857 0
975 871 0
971 878 0
978 885 0
998 902 0
1030 922 0
1074 935 0
1118 952 0
1163 964 0
1202 982 0
1235 999 0
1259 1019 0
1275 1041 0
1287 1064 0
1287 1089 0
1280 1114 0
1270 1142 0
1252 1167 0
1230 1193 0
1222 1195 0
1205 1206 0
1183 1220 0
1160 1230 0
1133 1244 0
1109 1253 0
1081 1260 0
1053 1269 0
1024 1278 0
993 1281 0
963 1285 0
932 1287 0
900 1292 0
870 1290 0
841 1290 0
811 1290 0
787 1286 0
767 1283 0
745 1278 0
727 1276 0
712 1269 0
702 1266 0
689 1260 0
680 1258 0
674 1254 0
669 1251 0
662 1250 0
659 1250 0
657 1250 0
657 1250 0
657 1251 0
657 1254 9824
.PEN_UP
