.VERSION 1.0 0
.HIERARCHY CHARACTER
.COORD X Y T
.SEGMENT CHARACTER
.X_POINTS_PER_INCH 2500
.Y_POINTS_PER_INCH 2500
.POINTS_PER_SECOND 1200

.WRITER_ID 2
.AGE 26
.SEX MALE
.HAND RIGHT
.SKILL OK
.STYLE NORMAL
.COUNTRY  
.WRITER_INFO
 WriterName:VIJAYAKUMARA M
 WriterTrailNo:0
 WriterProfession:SOFTWARE
 WritingSetup:TABLETPC
 WritingFrequency:Everyday
 WritingInProfession:No
 WritingFile:dcpath
.PEN_DOWN
1507 666 22282
1506 658 0
1500 651 0
1493 644 0
1486 638 0
1472 635 0
1461 628 0
1441 628 0
1422 625 0
1396 630 0
1373 633 0
1347 640 0
1317 652 0
1286 667 0
1255 685 0
1217 708 0
1213 713 0
1191 725 0
1169 744 0
1144 765 0
1120 792 0
1100 816 0
1078 846 0
1058 878 0
1040 915 0
1026 949 0
1015 986 0
1010 1035 0
1006 1106 0
1013 1178 0
1039 1244 0
1073 1295 0
1106 1338 0
1144 1365 0
1179 1383 0
1205 1388 0
1231 1388 0
1254 1385 0
1273 1377 0
1291 1365 0
1307 1350 0
1316 1331 0
1324 1308 0
1326 1283 0
1322 1258 0
1317 1230 0
1306 1204 0
1289 1178 0
1270 1152 0
1247 1128 0
1217 1110 0
1184 1093 0
1181 1096 0
1161 1087 0
1139 1082 0
1116 1078 0
1090 1078 0
1062 1074 0
1038 1074 0
1011 1078 37774
.PEN_UP
