.VERSION 1.0 0
.HIERARCHY CHARACTER
.COORD X Y T
.SEGMENT CHARACTER
.X_POINTS_PER_INCH 2500
.Y_POINTS_PER_INCH 2500
.POINTS_PER_SECOND 1200

.WRITER_ID 2
.AGE 26
.SEX MALE
.HAND RIGHT
.SKILL OK
.STYLE NORMAL
.COUNTRY  
.WRITER_INFO
 WriterName:VIJAYAKUMARA M
 WriterTrailNo:1
 WriterProfession:SOFTWARE
 WritingSetup:TABLETPC
 WritingFrequency:Everyday
 WritingInProfession:No
 WritingFile:dcpath
.PEN_DOWN
1406 631 3525
1411 612 0
1414 596 0
1417 577 0
1410 561 0
1406 541 0
1390 526 0
1375 506 0
1353 495 0
1330 482 0
1301 476 0
1268 473 0
1232 476 0
1194 485 0
1157 501 0
1124 523 0
1095 549 0
1072 578 0
1054 610 0
1045 643 0
1049 679 0
1055 709 0
1076 741 0
1104 772 0
1136 801 0
1170 829 0
1207 857 0
1242 885 0
1277 916 0
1303 948 0
1324 981 0
1333 1014 0
1334 1047 0
1329 1078 0
1314 1107 0
1294 1133 0
1269 1156 0
1236 1172 0
1199 1185 0
1162 1193 0
1125 1195 0
1088 1190 0
1057 1184 0
1027 1174 0
1002 1158 0
985 1139 0
977 1118 0
974 1086 0
978 1059 0
984 1028 0
997 995 0
1012 961 0
1033 924 0
1054 887 0
1082 852 0
1118 824 0
1156 791 0
1194 762 0
1233 737 0
1270 717 0
1306 699 0
1336 686 0
1358 676 0
1369 667 0
1378 662 0
1381 660 0
1385 654 0
1380 654 0
1376 654 0
1376 652 0
1372 652 19608
.PEN_UP
