.VERSION 1.0 0
.HIERARCHY CHARACTER
.COORD X Y T
.SEGMENT CHARACTER
.X_POINTS_PER_INCH 2500
.Y_POINTS_PER_INCH 2500
.POINTS_PER_SECOND 1200

.WRITER_ID 2
.AGE 26
.SEX MALE
.HAND RIGHT
.SKILL OK
.STYLE NORMAL
.COUNTRY  
.WRITER_INFO
 WriterName:VIJAYAKUMARA M
 WriterTrailNo:0
 WriterProfession:SOFTWARE
 WritingSetup:TABLETPC
 WritingFrequency:Everyday
 WritingInProfession:No
 WritingFile:dcpath
.PEN_DOWN
1031 857 22282
1031 862 0
1033 862 0
1033 866 0
1031 867 0
1030 871 0
1025 871 0
1017 874 0
1012 876 0
1005 879 0
998 879 0
991 882 0
980 882 0
973 882 0
965 880 0
956 876 0
951 870 0
942 865 0
937 857 0
931 851 0
930 839 0
931 829 0
936 820 0
945 809 0
977 768 0
1008 754 0
1047 734 0
1085 725 0
1128 712 0
1174 712 0
1219 713 0
1255 722 0
1282 730 0
1302 741 0
1322 757 0
1331 774 0
1336 795 0
1334 818 0
1325 843 0
1312 871 0
1294 901 0
1274 933 0
1247 966 0
1222 1000 0
1218 1000 0
1199 1022 0
1180 1046 0
1163 1065 0
1142 1086 0
1122 1110 0
1099 1133 0
1077 1156 0
1058 1176 0
1038 1199 0
1017 1221 0
999 1239 0
982 1258 0
964 1277 0
947 1294 0
932 1309 0
922 1320 0
912 1331 0
905 1340 0
900 1346 0
896 1352 0
893 1356 0
891 1359 0
891 1360 0
890 1361 0
891 1361 0
894 1360 0
896 1359 0
900 1356 0
904 1354 0
910 1351 0
918 1347 0
924 1343 0
935 1340 0
942 1336 0
951 1332 0
978 1333 0
1003 1324 0
1033 1314 0
1064 1309 0
1096 1300 0
1124 1296 0
1155 1290 0
1186 1288 0
1213 1287 0
1244 1286 0
1272 1283 0
1294 1283 0
1324 1281 0
1348 1281 0
1369 1278 0
1386 1280 0
1404 1280 0
1417 1281 0
1429 1282 0
1439 1282 0
1447 1283 0
1456 1283 0
1462 1283 0
1470 1280 0
1475 1278 0
1480 1276 0
1484 1273 0
1484 1271 0
1488 1266 0
1488 1264 0
1488 1262 0
1485 1255 27890
.PEN_UP
