.VERSION 1.0 0
.HIERARCHY CHARACTER
.COORD X Y T
.SEGMENT CHARACTER
.X_POINTS_PER_INCH 2500
.Y_POINTS_PER_INCH 2500
.POINTS_PER_SECOND 1200

.WRITER_ID 4
.AGE 26
.SEX MALE
.HAND RIGHT
.SKILL OK
.STYLE NORMAL
.COUNTRY  
.WRITER_INFO
 WriterName:DEEPU V
 WriterTrailNo:1
 WriterProfession:SOFTWARE
 WritingSetup:TABLETPC
 WritingFrequency:Everyday
 WritingInProfession:No
 WritingFile:dcpath
.PEN_DOWN
2632 469 2063
2633 452 0
2628 441 0
2628 425 0
2618 416 0
2614 401 0
2603 392 0
2594 379 0
2581 370 0
2567 360 0
2551 352 0
2532 344 0
2510 341 0
2487 337 0
2462 337 0
2431 342 0
2402 348 0
2373 357 0
2341 369 0
2310 384 0
2281 401 0
2254 418 0
2230 438 0
2210 458 0
2192 481 0
2179 503 0
2172 527 0
2168 550 0
2169 573 0
2174 594 0
2185 616 0
2200 637 0
2219 654 0
2244 668 0
2271 681 0
2302 691 0
2336 695 0
2370 700 0
2403 702 0
2438 695 0
2471 689 0
2500 679 0
2525 666 0
2548 648 0
2565 631 0
2577 610 0
2586 589 0
2590 572 0
2593 554 0
2593 538 0
2591 526 0
2589 517 0
2586 508 0
2585 505 0
2584 503 0
2583 503 0
2580 504 0
2579 508 0
2576 518 0
2575 528 0
2572 547 0
2570 566 0
2569 589 0
2569 617 0
2569 648 0
2569 684 0
2572 717 0
2575 750 0
2579 790 0
2583 827 0
2588 865 0
2593 901 0
2595 934 0
2600 963 0
2603 990 0
2605 1010 0
2608 1024 0
2609 1035 0
2611 1038 0
2611 1038 0
2611 1036 0
2608 1031 0
2611 1019 0
2605 1013 0
2602 1003 0
2594 994 0
2588 986 20129
.PEN_UP
