.VERSION 1.0 0
.HIERARCHY CHARACTER
.COORD X Y T
.SEGMENT CHARACTER
.X_POINTS_PER_INCH 2500
.Y_POINTS_PER_INCH 2500
.POINTS_PER_SECOND 1200

.WRITER_ID 4
.AGE 26
.SEX MALE
.HAND RIGHT
.SKILL OK
.STYLE NORMAL
.COUNTRY  
.WRITER_INFO
 WriterName:DEEPU V
 WriterTrailNo:0
 WriterProfession:SOFTWARE
 WritingSetup:TABLETPC
 WritingFrequency:Everyday
 WritingInProfession:No
 WritingFile:dcpath
.PEN_DOWN
2759 499 22322
2748 490 0
2735 486 0
2720 481 0
2700 485 0
2683 485 0
2659 494 0
2639 500 0
2617 511 0
2601 523 0
2584 541 0
2571 559 0
2564 582 0
2557 603 0
2553 626 0
2555 648 0
2559 671 0
2569 691 0
2581 713 0
2598 731 0
2618 751 0
2642 770 0
2667 792 0
2695 812 0
2721 835 0
2753 854 0
2781 877 0
2807 891 0
2827 916 0
2845 939 0
2856 960 0
2865 982 0
2866 1005 0
2862 1028 0
2854 1051 0
2842 1075 0
2826 1093 0
2805 1106 0
2781 1117 0
2757 1124 0
2730 1127 0
2704 1126 0
2676 1122 0
2650 1113 0
2628 1102 0
2613 1087 0
2602 1064 0
2595 1038 0
2595 1016 0
2601 995 0
2612 974 0
2626 953 0
2644 932 0
2665 912 0
2688 898 0
2711 880 0
2731 858 0
2749 835 0
2771 810 0
2787 782 0
2798 755 0
2809 724 0
2814 694 0
2817 662 0
2819 633 0
2818 605 0
2813 580 0
2807 559 0
2799 541 0
2787 525 0
2772 514 0
2757 506 0
2739 501 0
2720 501 0
2707 499 0
2692 505 0
2679 511 0
2670 522 0
2667 532 47969
.PEN_UP
