.VERSION 1.0 0
.HIERARCHY CHARACTER
.COORD X Y T
.SEGMENT CHARACTER
.X_POINTS_PER_INCH 2500
.Y_POINTS_PER_INCH 2500
.POINTS_PER_SECOND 1200

.WRITER_ID 4
.AGE 26
.SEX MALE
.HAND RIGHT
.SKILL OK
.STYLE NORMAL
.COUNTRY  
.WRITER_INFO
 WriterName:DEEPU V
 WriterTrailNo:1
 WriterProfession:SOFTWARE
 WritingSetup:TABLETPC
 WritingFrequency:Everyday
 WritingInProfession:No
 WritingFile:dcpath
.PEN_DOWN
3799 443 2063
3802 431 0
3802 426 0
3803 415 0
3801 410 0
3798 402 0
3793 399 0
3789 395 0
3783 393 0
3774 393 0
3766 393 0
3755 397 0
3746 398 0
3731 403 0
3719 408 0
3703 416 0
3667 438 0
3643 458 0
3621 482 0
3604 513 0
3588 546 0
3577 582 0
3568 621 0
3567 654 0
3564 690 0
3564 727 0
3565 763 0
3565 797 0
3567 833 0
3568 862 0
3571 890 0
3579 917 0
3592 941 0
3606 962 0
3621 984 0
3639 1000 0
3658 1012 0
3682 1023 0
3704 1032 0
3723 1037 0
3741 1042 0
3757 1045 0
3774 1042 0
3792 1037 0
3812 1030 0
3829 1019 0
3850 1005 0
3871 989 0
3891 968 0
3913 945 0
3934 922 0
3952 894 0
3969 865 0
3981 834 0
3991 802 0
3999 768 0
4007 731 0
4009 691 0
4008 656 0
4008 654 0
4005 635 0
4003 615 0
4000 596 0
3997 574 0
3991 555 0
3986 537 0
3979 518 0
3971 499 0
3963 480 0
3953 461 0
3943 445 0
3933 431 0
3922 418 0
3909 404 0
3895 392 0
3881 384 0
3866 374 0
3850 367 0
3838 362 0
3821 357 0
3806 357 0
3796 356 0
3783 356 0
3771 357 0
3761 358 2613
.PEN_UP
