.VERSION 1.0 0
.HIERARCHY CHARACTER
.COORD X Y T
.SEGMENT CHARACTER
.X_POINTS_PER_INCH 2500
.Y_POINTS_PER_INCH 2500
.POINTS_PER_SECOND 1200

.WRITER_ID 4
.AGE 26
.SEX MALE
.HAND RIGHT
.SKILL OK
.STYLE NORMAL
.COUNTRY  
.WRITER_INFO
 WriterName:DEEPU V
 WriterTrailNo:1
 WriterProfession:SOFTWARE
 WritingSetup:TABLETPC
 WritingFrequency:Everyday
 WritingInProfession:No
 WritingFile:dcpath
.PEN_DOWN
3969 515 2063
3975 522 0
3974 524 0
3980 520 0
3981 519 0
3990 506 0
3997 500 0
4011 481 0
4018 467 0
4031 443 0
4040 422 0
4050 401 0
4056 379 0
4063 360 0
4065 346 0
4066 334 0
4064 328 0
4064 324 0
4061 324 0
4060 329 0
4059 339 0
4056 355 0
4055 375 0
4058 402 0
4058 432 0
4060 469 0
4063 512 0
4066 556 0
4070 601 0
4077 648 0
4082 694 0
4087 737 0
4091 781 0
4094 819 0
4098 856 0
4102 889 0
4105 920 0
4107 943 0
4111 963 0
4114 978 0
4116 991 0
4119 1005 0
4120 1015 0
4119 1023 0
4116 1028 0
4114 1036 0
4108 1041 0
4103 1047 0
4097 1047 0
4091 1041 0
4084 1036 0
4078 1033 0
4070 1027 0
4065 1022 0
4058 1014 0
4051 1009 0
4042 1009 0
4035 1009 0
4028 1009 0
4022 1005 0
4018 1005 0
4016 1005 0
4013 1005 0
4013 1005 0
4017 1005 0
4021 1005 0
4027 1005 0
4037 1005 0
4047 1005 0
4063 1005 0
4075 1005 0
4092 1005 0
4108 1005 0
4126 1005 0
4143 1004 0
4158 1004 0
4173 1004 0
4187 1004 0
4197 1004 0
4208 1004 0
4215 1004 0
4219 1004 0
4220 1004 0
4217 1004 0
4217 1004 0
4208 1004 0
4197 1004 0
4190 1004 3875
.PEN_UP
