.VERSION 1.0 0
.HIERARCHY CHARACTER
.COORD X Y T
.SEGMENT CHARACTER
.X_POINTS_PER_INCH 2500
.Y_POINTS_PER_INCH 2500
.POINTS_PER_SECOND 1200

.WRITER_ID 4
.AGE 26
.SEX MALE
.HAND RIGHT
.SKILL OK
.STYLE NORMAL
.COUNTRY  
.WRITER_INFO
 WriterName:DEEPU V
 WriterTrailNo:1
 WriterProfession:SOFTWARE
 WritingSetup:TABLETPC
 WritingFrequency:Everyday
 WritingInProfession:No
 WritingFile:dcpath
.PEN_DOWN
2304 259 22322
2294 256 0
2288 254 0
2280 253 0
2278 251 0
2275 251 0
2276 250 0
2280 249 0
2286 247 0
2298 247 0
2308 249 0
2327 247 0
2342 247 0
2367 247 0
2389 247 0
2416 247 0
2443 247 0
2472 244 0
2501 242 0
2532 237 0
2560 236 0
2589 231 0
2616 230 0
2640 227 0
2662 223 0
2682 219 0
2698 217 0
2715 214 0
2725 212 0
2735 212 0
2742 209 0
2744 212 0
2745 212 0
2744 214 0
2740 219 0
2737 228 0
2730 240 0
2723 253 0
2710 277 0
2695 320 0
2676 371 0
2659 426 0
2642 490 0
2628 551 0
2616 615 0
2606 672 0
2594 727 0
2584 775 0
2574 823 0
2564 866 0
2555 903 0
2547 936 0
2539 965 0
2533 991 0
2527 1010 0
2520 1025 0
2518 1034 0
2514 1044 0
2510 1051 0
2506 1057 0
2504 1060 0
2501 1060 0
2499 1059 0
2496 1057 0
2496 1051 0
2492 1048 0
2498 1034 0
2495 1025 0
2495 1010 0
2494 997 46287
.PEN_UP
.PEN_DOWN
2383 668 22322
2386 668 0
2387 673 0
2400 675 0
2406 682 0
2422 685 0
2435 687 0
2453 687 0
2471 689 0
2492 686 0
2515 686 0
2541 682 0
2564 675 0
2589 671 0
2613 668 0
2636 664 0
2656 661 0
2672 658 0
2686 658 0
2692 657 0
2697 654 0
2697 654 0
2690 656 0
2681 659 46627
.PEN_UP
