.VERSION 1.0 0
.HIERARCHY CHARACTER
.COORD X Y T
.SEGMENT CHARACTER
.X_POINTS_PER_INCH 2500
.Y_POINTS_PER_INCH 2500
.POINTS_PER_SECOND 1200

.WRITER_ID 4
.AGE 26
.SEX MALE
.HAND RIGHT
.SKILL OK
.STYLE NORMAL
.COUNTRY  
.WRITER_INFO
 WriterName:DEEPU V
 WriterTrailNo:0
 WriterProfession:SOFTWARE
 WritingSetup:TABLETPC
 WritingFrequency:Everyday
 WritingInProfession:No
 WritingFile:dcpath
.PEN_DOWN
2565 366 22322
2566 348 0
2564 341 0
2565 325 0
2559 318 0
2555 304 0
2543 295 0
2536 282 0
2519 273 0
2504 261 0
2482 254 0
2459 247 0
2433 244 0
2403 244 0
2372 246 0
2340 251 0
2305 260 0
2275 273 0
2244 287 0
2216 304 0
2192 323 0
2172 344 0
2154 366 0
2141 389 0
2131 411 0
2125 436 0
2120 458 0
2120 482 0
2122 508 0
2129 531 0
2141 552 0
2155 573 0
2175 592 0
2199 608 0
2228 625 0
2264 631 0
2300 636 0
2341 635 0
2382 631 0
2422 616 0
2461 599 0
2495 580 0
2523 556 0
2543 532 0
2557 508 0
2567 482 0
2570 462 0
2570 446 0
2567 431 0
2564 422 0
2559 414 0
2553 411 0
2548 413 0
2543 417 0
2538 425 0
2534 439 0
2531 453 0
2527 476 0
2524 502 0
2523 532 0
2522 566 0
2522 602 0
2523 643 0
2524 684 0
2528 727 0
2531 766 0
2534 806 0
2538 843 0
2542 876 0
2545 904 0
2547 930 0
2550 949 0
2550 965 0
2550 976 0
2548 982 0
2546 987 0
2542 985 0
2539 979 0
2534 973 0
2531 965 0
2527 956 0
2518 949 0
2517 940 0
2513 930 0
2513 921 0
2513 913 49171
.PEN_UP
