.VERSION 1.0 0
.HIERARCHY CHARACTER
.COORD X Y T
.SEGMENT CHARACTER
.X_POINTS_PER_INCH 2500
.Y_POINTS_PER_INCH 2500
.POINTS_PER_SECOND 1200

.WRITER_ID 4
.AGE 26
.SEX MALE
.HAND RIGHT
.SKILL OK
.STYLE NORMAL
.COUNTRY  
.WRITER_INFO
 WriterName:DEEPU V
 WriterTrailNo:0
 WriterProfession:SOFTWARE
 WritingSetup:TABLETPC
 WritingFrequency:Everyday
 WritingInProfession:No
 WritingFile:dcpath
.PEN_DOWN
4102 408 22322
4104 408 0
4101 416 0
4090 429 0
4083 441 0
4068 463 0
4055 485 0
4031 517 0
4012 547 0
3985 582 0
3961 619 0
3936 659 0
3914 698 0
3892 733 0
3876 764 0
3862 789 0
3852 810 0
3844 832 0
3843 843 0
3839 851 0
3839 853 0
3840 856 0
3843 854 0
3849 854 0
3858 852 0
3867 848 0
3882 844 0
3903 842 0
3929 839 0
3961 837 0
3998 834 0
4040 834 0
4086 832 0
4135 832 0
4182 830 0
4228 830 0
4271 829 0
4312 829 0
4346 830 0
4378 830 0
4404 830 0
4425 832 0
4443 830 0
4455 829 0
4466 825 0
4472 825 0
4477 825 0
4479 823 0
4480 823 0
4479 821 0
4475 821 0
4474 820 0
4461 825 0
4452 825 0
4439 826 0
4424 825 35501
.PEN_UP
.PEN_DOWN
4091 547 22322
4095 545 0
4097 545 0
4093 552 0
4097 559 0
4093 571 0
4097 583 0
4096 599 0
4102 616 0
4102 640 0
4111 664 0
4115 696 0
4124 728 0
4132 768 0
4139 807 0
4144 852 0
4152 898 0
4158 942 0
4163 986 0
4167 1027 0
4174 1065 0
4177 1099 0
4184 1130 0
4190 1158 0
4193 1180 0
4198 1200 0
4202 1215 0
4204 1228 0
4208 1238 0
4210 1245 0
4212 1250 0
4212 1254 0
4212 1255 0
4214 1254 0
4212 1254 0
4212 1246 0
4210 1238 0
4209 1229 0
4208 1220 36082
.PEN_UP
