.VERSION 1.0 0
.HIERARCHY CHARACTER
.COORD X Y T
.SEGMENT CHARACTER
.X_POINTS_PER_INCH 2500
.Y_POINTS_PER_INCH 2500
.POINTS_PER_SECOND 1200

.WRITER_ID 4
.AGE 26
.SEX MALE
.HAND RIGHT
.SKILL OK
.STYLE NORMAL
.COUNTRY  
.WRITER_INFO
 WriterName:DEEPU V
 WriterTrailNo:0
 WriterProfession:SOFTWARE
 WritingSetup:TABLETPC
 WritingFrequency:Everyday
 WritingInProfession:No
 WritingFile:dcpath
.PEN_DOWN
3915 708 22322
3920 713 0
3918 719 0
3924 715 0
3924 719 0
3934 709 0
3938 703 0
3948 682 0
3956 668 0
3966 643 0
3975 620 0
3987 593 0
3993 566 0
3998 539 0
3998 515 0
4001 495 0
3999 478 0
3999 467 0
3997 458 0
3994 457 0
3992 464 0
3990 474 0
3989 492 0
3989 515 0
3989 545 0
3989 576 0
3990 612 0
3992 649 0
3994 689 0
3997 727 0
4004 765 0
4007 802 0
4009 840 0
4016 875 0
4020 905 0
4025 935 0
4027 963 0
4031 988 0
4032 1014 0
4036 1038 0
4041 1062 0
4045 1083 0
4048 1104 0
4050 1126 0
4054 1144 0
4055 1159 0
4057 1172 0
4058 1181 0
4057 1189 0
4054 1194 0
4051 1199 0
4046 1200 0
4040 1201 0
4034 1201 0
4023 1201 0
4015 1201 0
4003 1201 0
3990 1201 0
3979 1200 0
3968 1200 0
3956 1200 0
3945 1200 0
3934 1200 0
3923 1198 0
3917 1195 0
3912 1195 0
3908 1195 0
3905 1195 0
3906 1195 0
3908 1195 0
3913 1198 0
3919 1200 0
3929 1204 0
3941 1208 0
3954 1210 0
3968 1214 0
3984 1217 0
3999 1218 0
4015 1218 0
4034 1218 0
4049 1215 0
4063 1212 0
4074 1209 0
4082 1205 0
4096 1195 0
4095 1195 0
4091 1192 0
4083 1192 24355
.PEN_UP
