.VERSION 1.0 0
.HIERARCHY CHARACTER
.COORD X Y T
.SEGMENT CHARACTER
.X_POINTS_PER_INCH 2500
.Y_POINTS_PER_INCH 2500
.POINTS_PER_SECOND 1200

.WRITER_ID 4
.AGE 26
.SEX MALE
.HAND RIGHT
.SKILL OK
.STYLE NORMAL
.COUNTRY  
.WRITER_INFO
 WriterName:DEEPU V
 WriterTrailNo:0
 WriterProfession:SOFTWARE
 WritingSetup:TABLETPC
 WritingFrequency:Everyday
 WritingInProfession:No
 WritingFile:dcpath
.PEN_DOWN
3660 676 2063
3657 667 0
3651 662 0
3652 647 0
3648 639 0
3652 620 0
3651 611 0
3657 592 0
3661 578 0
3667 561 0
3674 545 0
3686 526 0
3696 512 0
3713 494 0
3728 478 0
3749 464 0
3768 453 0
3792 439 0
3815 432 0
3844 427 0
3871 425 0
3901 425 0
3932 430 0
3965 436 0
3994 448 0
4022 462 0
4049 481 0
4069 501 0
4087 528 0
4098 559 0
4105 592 0
4106 625 0
4101 660 0
4091 693 0
4074 728 0
4052 762 0
4023 792 0
3993 822 0
3962 850 0
3927 869 0
3895 888 0
3864 903 0
3838 915 0
3813 921 0
3797 925 0
3784 925 0
3774 924 0
3771 924 0
3769 920 0
3769 916 0
3771 912 0
3778 908 0
3784 907 0
3793 904 0
3803 903 0
3816 902 0
3833 901 0
3852 902 0
3874 903 0
3899 907 0
3925 911 0
3957 916 0
3986 921 0
4017 929 0
4046 938 0
4074 947 0
4103 958 0
4126 967 0
4147 978 0
4167 991 0
4183 1001 0
4197 1013 0
4209 1028 0
4217 1045 0
4220 1064 0
4222 1084 0
4217 1106 0
4210 1128 0
4200 1153 0
4187 1178 0
4171 1198 0
4152 1218 0
4128 1235 0
4102 1251 0
4077 1264 0
4045 1277 0
4014 1287 0
3981 1297 0
3950 1301 0
3919 1304 0
3888 1306 0
3860 1305 0
3834 1303 0
3810 1295 0
3788 1286 0
3768 1276 0
3750 1266 0
3737 1253 0
3723 1240 0
3713 1230 0
3708 1221 0
3702 1211 0
3699 1202 0
3696 1194 0
3696 1189 0
3695 1185 0
3702 1176 0
3704 1174 0
3708 1169 0
3710 1166 0
3716 1162 9954
.PEN_UP
