.VERSION 1.0 0
.HIERARCHY CHARACTER
.COORD X Y T
.SEGMENT CHARACTER
.X_POINTS_PER_INCH 2500
.Y_POINTS_PER_INCH 2500
.POINTS_PER_SECOND 1200

.WRITER_ID 4
.AGE 26
.SEX MALE
.HAND RIGHT
.SKILL OK
.STYLE NORMAL
.COUNTRY  
.WRITER_INFO
 WriterName:DEEPU V
 WriterTrailNo:1
 WriterProfession:SOFTWARE
 WritingSetup:TABLETPC
 WritingFrequency:Everyday
 WritingInProfession:No
 WritingFile:dcpath
.PEN_DOWN
2502 523 2063
2502 512 0
2496 506 0
2495 492 0
2483 489 0
2476 478 0
2458 476 0
2440 469 0
2417 467 0
2392 464 0
2364 467 0
2337 469 0
2310 476 0
2285 484 0
2265 492 0
2247 501 0
2234 515 0
2224 532 0
2216 551 0
2213 572 0
2211 592 0
2211 614 0
2214 637 0
2219 657 0
2227 679 0
2241 698 0
2258 714 0
2280 730 0
2305 744 0
2336 757 0
2366 769 0
2402 782 0
2435 794 0
2466 805 0
2494 816 0
2518 828 0
2539 843 0
2557 857 0
2571 873 0
2583 888 0
2591 901 0
2598 912 0
2604 930 0
2608 947 0
2609 964 0
2608 981 0
2602 1000 0
2595 1019 0
2586 1041 0
2575 1064 0
2558 1081 0
2542 1093 0
2522 1105 0
2504 1114 0
2483 1118 0
2460 1118 0
2438 1115 0
2415 1111 0
2392 1104 0
2369 1093 0
2350 1082 0
2333 1069 0
2319 1055 0
2309 1036 0
2303 1017 0
2303 1001 0
2307 984 0
2316 970 0
2328 953 0
2344 938 0
2361 924 0
2384 913 0
2407 903 0
2430 890 0
2454 876 0
2480 862 0
2502 848 0
2524 833 0
2546 819 0
2563 802 0
2580 786 0
2594 767 0
2604 748 0
2612 726 0
2614 704 0
2616 681 0
2613 657 0
2607 634 0
2598 612 0
2590 593 0
2580 577 0
2569 563 0
2557 554 0
2546 545 0
2534 540 0
2525 537 0
2516 537 0
2505 540 0
2502 537 0
2492 545 0
2485 550 0
2476 561 18787
.PEN_UP
