.VERSION 1.0 0
.HIERARCHY CHARACTER
.COORD X Y T
.SEGMENT CHARACTER
.X_POINTS_PER_INCH 2500
.Y_POINTS_PER_INCH 2500
.POINTS_PER_SECOND 1200

.WRITER_ID 4
.AGE 26
.SEX MALE
.HAND RIGHT
.SKILL OK
.STYLE NORMAL
.COUNTRY  
.WRITER_INFO
 WriterName:DEEPU V
 WriterTrailNo:0
 WriterProfession:SOFTWARE
 WritingSetup:TABLETPC
 WritingFrequency:Everyday
 WritingInProfession:No
 WritingFile:dcpath
.PEN_DOWN
3848 496 22322
3843 491 0
3834 487 0
3831 480 0
3816 481 0
3810 476 0
3793 482 0
3781 483 0
3764 492 0
3751 500 0
3732 515 0
3713 529 0
3695 547 0
3678 564 0
3659 588 0
3632 610 0
3608 636 0
3586 662 0
3566 686 0
3548 714 0
3534 741 0
3520 769 0
3510 795 0
3511 820 0
3511 847 0
3511 871 0
3511 900 0
3511 925 0
3511 949 0
3529 972 0
3547 995 0
3568 1015 0
3591 1034 0
3619 1051 0
3650 1064 0
3686 1076 0
3723 1084 0
3750 1088 0
3778 1090 0
3807 1090 0
3838 1088 0
3867 1081 0
3895 1073 0
3923 1064 0
3945 1053 0
3962 1042 0
3974 1030 0
3978 1018 0
3974 1006 0
3962 992 0
3948 978 0
3924 962 0
3900 948 0
3875 931 0
3851 914 0
3824 903 0
3802 893 0
3781 885 0
3760 879 0
3740 876 0
3721 879 0
3703 881 0
3684 888 0
3664 895 0
3638 905 0
3613 920 0
3590 928 0
3569 940 0
3552 948 0
3535 954 39076
.PEN_UP
