.VERSION 1.0 0
.HIERARCHY CHARACTER
.COORD X Y T
.SEGMENT CHARACTER
.X_POINTS_PER_INCH 2500
.Y_POINTS_PER_INCH 2500
.POINTS_PER_SECOND 1200

.WRITER_ID 4
.AGE 26
.SEX MALE
.HAND RIGHT
.SKILL OK
.STYLE NORMAL
.COUNTRY  
.WRITER_INFO
 WriterName:DEEPU V
 WriterTrailNo:0
 WriterProfession:SOFTWARE
 WritingSetup:TABLETPC
 WritingFrequency:Everyday
 WritingInProfession:No
 WritingFile:dcpath
.PEN_DOWN
3866 587 22322
3865 587 0
3866 584 0
3861 589 0
3862 587 0
3856 597 0
3854 603 0
3849 616 0
3845 631 0
3839 653 0
3831 676 0
3824 704 0
3817 735 0
3811 763 0
3806 788 0
3801 812 0
3797 832 0
3795 844 0
3796 852 0
3797 853 0
3802 848 0
3809 840 0
3819 829 0
3830 817 0
3845 805 0
3863 792 0
3886 782 0
3910 777 0
3938 774 0
3965 775 0
3995 782 0
4023 791 0
4053 806 0
4077 824 0
4098 846 0
4116 868 0
4132 895 0
4142 921 0
4151 949 0
4157 977 0
4160 1002 0
4158 1027 0
4152 1050 0
4140 1073 0
4126 1092 0
4107 1107 0
4078 1120 0
4046 1131 0
4012 1139 0
3976 1144 0
3940 1148 0
3904 1149 0
3871 1149 0
3839 1150 0
3811 1149 0
3789 1149 0
3769 1149 0
3754 1147 0
3739 1147 0
3735 1139 0
3727 1135 0
3727 1130 0
3728 1120 37304
.PEN_UP
.PEN_DOWN
3748 620 22322
3745 615 0
3740 615 0
3742 610 0
3739 612 0
3741 607 0
3741 611 0
3748 608 0
3755 610 0
3770 606 0
3787 606 0
3812 601 0
3839 599 0
3875 594 0
3912 589 0
3952 584 0
3994 580 0
4035 575 0
4073 573 0
4107 570 0
4138 568 0
4162 564 0
4180 564 0
4194 561 0
4204 559 0
4209 559 0
4213 556 0
4210 559 0
4209 559 0
4204 568 0
4195 570 0
4180 580 0
4163 587 37755
.PEN_UP
