.VERSION 1.0 0
.HIERARCHY CHARACTER
.COORD X Y T
.SEGMENT CHARACTER
.X_POINTS_PER_INCH 2500
.Y_POINTS_PER_INCH 2500
.POINTS_PER_SECOND 1200

.WRITER_ID 4
.AGE 26
.SEX MALE
.HAND RIGHT
.SKILL OK
.STYLE NORMAL
.COUNTRY  
.WRITER_INFO
 WriterName:DEEPU V
 WriterTrailNo:1
 WriterProfession:SOFTWARE
 WritingSetup:TABLETPC
 WritingFrequency:Everyday
 WritingInProfession:No
 WritingFile:dcpath
.PEN_DOWN
2024 250 2063
2012 247 0
2001 241 0
1993 236 0
1986 233 0
1982 228 0
1977 225 0
1977 219 0
1979 217 0
1985 213 0
1989 213 0
2001 210 0
2012 212 0
2031 210 0
2049 213 0
2073 214 0
2097 214 0
2124 216 0
2150 217 0
2178 217 0
2206 214 0
2235 213 0
2263 213 0
2290 212 0
2316 210 0
2340 208 0
2360 205 0
2377 205 0
2391 203 0
2401 203 0
2408 200 0
2413 200 0
2416 200 0
2416 203 0
2413 205 0
2411 210 0
2406 222 0
2401 236 0
2394 250 0
2391 273 0
2371 319 0
2355 364 0
2333 421 0
2316 480 0
2296 538 0
2281 594 0
2266 640 0
2256 684 0
2243 722 0
2235 759 0
2225 791 0
2216 819 0
2207 842 0
2200 864 0
2191 885 0
2186 899 0
2181 913 0
2177 925 0
2173 934 0
2171 939 0
2169 943 0
2167 945 0
2167 944 0
2167 944 0
2167 944 0
2167 943 0
2167 941 0
2165 943 0
2169 939 0
2165 939 0
2172 933 0
2168 929 0
2173 919 0
2176 910 0
2179 897 16724
.PEN_UP
.PEN_DOWN
2136 600 2063
2134 594 0
2131 592 0
2125 597 0
2129 597 0
2124 602 0
2129 605 0
2127 607 0
2135 610 0
2139 611 0
2150 611 0
2160 614 0
2177 616 0
2195 621 0
2215 620 0
2238 624 0
2261 621 0
2285 620 0
2310 616 0
2333 614 0
2355 607 0
2371 602 0
2387 597 0
2399 587 0
2399 583 0
2403 579 0
2398 577 0
2392 566 0
2383 566 17124
.PEN_UP
