.VERSION 1.0 0
.HIERARCHY CHARACTER
.COORD X Y T
.SEGMENT CHARACTER
.X_POINTS_PER_INCH 2500
.Y_POINTS_PER_INCH 2500
.POINTS_PER_SECOND 1200

.WRITER_ID 4
.AGE 26
.SEX MALE
.HAND RIGHT
.SKILL OK
.STYLE NORMAL
.COUNTRY  
.WRITER_INFO
 WriterName:DEEPU V
 WriterTrailNo:0
 WriterProfession:SOFTWARE
 WritingSetup:TABLETPC
 WritingFrequency:Everyday
 WritingInProfession:No
 WritingFile:dcpath
.PEN_DOWN
4037 491 22322
4036 482 0
4031 477 0
4027 472 0
4018 471 0
4011 468 0
3979 476 0
3956 480 0
3934 494 0
3915 518 0
3894 548 0
3872 585 0
3854 624 0
3837 664 0
3823 703 0
3810 744 0
3802 780 0
3796 816 0
3792 851 0
3791 884 0
3792 917 0
3796 946 0
3803 977 0
3811 1006 0
3820 1033 0
3830 1059 0
3844 1081 0
3861 1099 0
3880 1116 0
3900 1129 0
3924 1136 0
3951 1144 0
3980 1147 0
4009 1148 0
4044 1143 0
4076 1136 0
4110 1126 0
4142 1112 0
4172 1093 0
4199 1073 0
4226 1044 0
4247 1014 0
4265 981 0
4279 945 0
4287 907 0
4292 865 0
4293 823 0
4289 775 0
4280 729 0
4265 684 0
4266 684 0
4254 664 0
4242 641 0
4227 619 0
4210 597 0
4190 579 0
4170 561 0
4149 547 0
4125 533 0
4079 518 0
4036 505 0
3989 506 0
3950 508 0
3914 518 0
3889 532 0
3890 529 0
3872 545 0
3866 551 0
3867 552 22763
.PEN_UP
