.VERSION 1.0 0
.HIERARCHY CHARACTER
.COORD X Y T
.SEGMENT CHARACTER
.X_POINTS_PER_INCH 2500
.Y_POINTS_PER_INCH 2500
.POINTS_PER_SECOND 1200

.WRITER_ID 4
.AGE 26
.SEX MALE
.HAND RIGHT
.SKILL OK
.STYLE NORMAL
.COUNTRY  
.WRITER_INFO
 WriterName:DEEPU V
 WriterTrailNo:1
 WriterProfession:SOFTWARE
 WritingSetup:TABLETPC
 WritingFrequency:Everyday
 WritingInProfession:No
 WritingFile:dcpath
.PEN_DOWN
3609 702 2063
3592 697 0
3583 689 0
3567 683 0
3560 671 0
3549 661 0
3550 647 0
3550 635 0
3550 617 0
3550 601 0
3550 584 0
3564 566 0
3581 550 0
3602 536 0
3627 519 0
3656 508 0
3688 499 0
3724 496 0
3763 498 0
3792 503 0
3820 515 0
3845 533 0
3872 555 0
3890 583 0
3910 611 0
3923 646 0
3930 683 0
3932 723 0
3929 765 0
3918 810 0
3901 856 0
3883 902 0
3858 950 0
3834 995 0
3806 1038 0
3778 1079 0
3747 1114 0
3710 1147 0
3675 1174 0
3642 1195 0
3609 1208 0
3576 1214 0
3548 1218 0
3521 1217 0
3498 1211 0
3487 1199 0
3479 1184 0
3476 1169 0
3478 1151 0
3485 1133 0
3496 1116 0
3507 1101 0
3518 1087 0
3527 1078 0
3549 1070 0
3573 1068 0
3599 1069 0
3624 1075 0
3654 1084 0
3688 1097 0
3723 1114 0
3760 1135 0
3791 1157 0
3817 1183 0
3843 1208 0
3867 1236 0
3890 1262 0
3913 1285 0
3936 1305 0
3958 1322 0
3976 1336 0
3994 1346 0
4007 1355 0
4026 1356 0
4032 1360 0
4039 1359 0
4039 1359 5147
.PEN_UP
