.VERSION 1.0 0
.HIERARCHY CHARACTER
.COORD X Y T
.SEGMENT CHARACTER
.X_POINTS_PER_INCH 2500
.Y_POINTS_PER_INCH 2500
.POINTS_PER_SECOND 1200

.WRITER_ID 4
.AGE 26
.SEX MALE
.HAND RIGHT
.SKILL OK
.STYLE NORMAL
.COUNTRY  
.WRITER_INFO
 WriterName:DEEPU V
 WriterTrailNo:1
 WriterProfession:SOFTWARE
 WritingSetup:TABLETPC
 WritingFrequency:Everyday
 WritingInProfession:No
 WritingFile:dcpath
.PEN_DOWN
3510 583 2063
3510 575 0
3510 561 0
3510 556 0
3510 546 0
3508 545 0
3504 540 0
3498 543 0
3488 543 0
3476 551 0
3459 561 0
3436 578 0
3409 594 0
3380 616 0
3351 640 0
3319 668 0
3287 695 0
3258 727 0
3234 758 0
3212 790 0
3194 822 0
3180 856 0
3173 892 0
3165 927 0
3166 964 0
3169 1004 0
3174 1042 0
3183 1079 0
3198 1118 0
3215 1152 0
3236 1185 0
3262 1216 0
3288 1241 0
3320 1263 0
3353 1282 0
3387 1296 0
3417 1305 0
3443 1308 0
3465 1306 0
3499 1301 0
3531 1295 0
3560 1285 0
3585 1273 0
3605 1259 0
3628 1244 0
3646 1227 0
3667 1209 0
3670 1189 0
3667 1169 0
3662 1146 0
3653 1123 0
3633 1102 0
3611 1083 0
3591 1067 0
3568 1054 0
3541 1046 0
3515 1044 0
3485 1046 0
3457 1051 0
3435 1061 0
3413 1073 0
3387 1087 0
3363 1098 0
3343 1111 0
3321 1123 0
3314 1128 0
3298 1139 0
3290 1143 0
3283 1149 0
3284 1151 15131
.PEN_UP
