.VERSION 1.0 0
.HIERARCHY CHARACTER
.COORD X Y T
.SEGMENT CHARACTER
.X_POINTS_PER_INCH 2500
.Y_POINTS_PER_INCH 2500
.POINTS_PER_SECOND 1200

.WRITER_ID 4
.AGE 26
.SEX MALE
.HAND RIGHT
.SKILL OK
.STYLE NORMAL
.COUNTRY  
.WRITER_INFO
 WriterName:DEEPU V
 WriterTrailNo:0
 WriterProfession:SOFTWARE
 WritingSetup:TABLETPC
 WritingFrequency:Everyday
 WritingInProfession:No
 WritingFile:dcpath
.PEN_DOWN
3762 659 22322
3758 659 0
3755 657 0
3750 659 0
3749 653 0
3745 653 0
3744 645 0
3739 643 0
3739 634 0
3737 626 0
3739 615 0
3739 603 0
3742 589 0
3746 578 0
3754 559 0
3763 547 0
3772 531 0
3783 517 0
3796 502 0
3809 494 0
3823 482 0
3838 474 0
3854 467 0
3871 462 0
3890 455 0
3913 453 0
3933 453 0
3957 453 0
3980 458 0
4002 464 0
4026 473 0
4048 486 0
4065 500 0
4081 517 0
4096 536 0
4109 556 0
4120 579 0
4128 602 0
4132 627 0
4133 654 0
4130 681 0
4123 707 0
4111 731 0
4093 755 0
4073 775 0
4049 793 0
4025 811 0
3998 825 0
3973 837 0
3948 848 0
3928 854 0
3912 860 0
3895 862 0
3884 863 0
3873 863 0
3866 862 0
3862 860 0
3857 854 0
3856 852 0
3852 849 0
3852 846 0
3857 842 0
3861 838 0
3866 834 0
3872 829 0
3882 826 0
3894 824 0
3912 821 0
3928 821 0
3946 821 0
3966 823 0
3987 826 0
4012 834 0
4034 843 0
4057 854 0
4077 866 0
4096 880 0
4118 893 0
4137 909 0
4156 925 0
4170 942 0
4184 960 0
4195 978 0
4204 992 0
4209 1013 0
4212 1030 0
4210 1050 0
4205 1069 0
4198 1087 0
4186 1104 0
4174 1121 0
4160 1141 0
4142 1155 0
4120 1169 0
4098 1183 0
4076 1192 0
4051 1201 0
4023 1208 0
3998 1214 0
3970 1215 0
3945 1217 0
3918 1213 0
3895 1209 0
3871 1205 0
3849 1200 0
3831 1192 0
3814 1183 0
3797 1177 0
3783 1169 0
3772 1164 0
3762 1159 0
3755 1154 0
3753 1149 0
3749 1145 0
3746 1145 0
3750 1141 0
3755 1144 0
3760 1141 0
3763 1141 0
3767 1139 34039
.PEN_UP
