.VERSION 1.0 0
.HIERARCHY CHARACTER
.COORD X Y T
.SEGMENT CHARACTER
.X_POINTS_PER_INCH 2500
.Y_POINTS_PER_INCH 2500
.POINTS_PER_SECOND 1200

.WRITER_ID 4
.AGE 26
.SEX MALE
.HAND RIGHT
.SKILL OK
.STYLE NORMAL
.COUNTRY  
.WRITER_INFO
 WriterName:DEEPU V
 WriterTrailNo:0
 WriterProfession:SOFTWARE
 WritingSetup:TABLETPC
 WritingFrequency:Everyday
 WritingInProfession:No
 WritingFile:dcpath
.PEN_DOWN
3776 698 22322
3770 691 0
3770 678 0
3763 675 0
3764 661 0
3762 650 0
3763 635 0
3763 626 0
3767 613 0
3768 603 0
3774 589 0
3779 575 0
3789 560 0
3803 550 0
3823 534 0
3842 522 0
3868 509 0
3894 500 0
3926 496 0
3956 497 0
3987 504 0
4016 515 0
4044 534 0
4069 557 0
4091 584 0
4109 613 0
4120 645 0
4126 680 0
4128 715 0
4120 754 0
4110 792 0
4090 833 0
4064 874 0
4034 918 0
3998 963 0
3962 1005 0
3924 1046 0
3887 1080 0
3851 1111 0
3817 1134 0
3784 1150 0
3756 1161 0
3732 1163 0
3709 1163 0
3689 1158 0
3674 1149 0
3662 1138 0
3655 1125 0
3652 1110 0
3653 1094 0
3661 1076 0
3671 1060 0
3684 1046 0
3702 1032 0
3722 1024 0
3742 1023 0
3763 1027 0
3788 1034 0
3811 1050 0
3835 1070 0
3862 1093 0
3889 1120 0
3918 1147 0
3947 1173 0
3979 1200 0
4008 1224 0
4036 1246 0
4064 1265 0
4087 1282 0
4106 1294 0
4120 1305 0
4132 1311 0
4137 1314 0
4139 1314 0
4140 1314 0
4137 1311 0
4129 1308 0
4125 1302 0
4114 1302 0
4106 1297 0
4092 1296 0
4085 1294 25978
.PEN_UP
