.VERSION 1.0 0
.HIERARCHY CHARACTER
.COORD X Y T
.SEGMENT CHARACTER
.X_POINTS_PER_INCH 2500
.Y_POINTS_PER_INCH 2500
.POINTS_PER_SECOND 1200

.WRITER_ID 4
.AGE 26
.SEX MALE
.HAND RIGHT
.SKILL OK
.STYLE NORMAL
.COUNTRY  
.WRITER_INFO
 WriterName:DEEPU V
 WriterTrailNo:1
 WriterProfession:SOFTWARE
 WritingSetup:TABLETPC
 WritingFrequency:Everyday
 WritingInProfession:No
 WritingFile:dcpath
.PEN_DOWN
3770 364 2063
3771 356 0
3775 350 0
3769 355 0
3768 356 0
3761 373 0
3755 387 0
3745 411 0
3737 438 0
3722 469 0
3709 503 0
3693 541 0
3680 575 0
3653 606 0
3629 642 0
3605 675 0
3586 703 0
3568 731 0
3552 753 0
3536 776 0
3524 794 0
3524 813 0
3524 823 0
3524 832 0
3524 838 0
3524 842 0
3524 842 0
3524 843 0
3524 839 0
3524 838 0
3524 836 0
3524 833 0
3524 829 0
3524 825 0
3524 823 0
3541 822 0
3565 822 0
3593 823 0
3628 823 0
3667 824 0
3713 827 0
3763 833 0
3816 838 0
3860 843 0
3900 848 0
3941 851 0
3980 851 0
4014 851 0
4049 851 0
4080 846 0
4108 842 0
4131 836 0
4148 831 0
4163 824 0
4173 822 0
4180 818 0
4181 816 0
4180 816 0
4175 818 0
4168 818 0
4155 823 0
4145 818 0
4131 816 0
4116 814 0
4101 815 11266
.PEN_UP
.PEN_DOWN
3738 480 2063
3737 477 0
3737 472 0
3733 475 0
3736 472 0
3731 480 0
3735 484 0
3732 500 0
3735 513 0
3735 533 0
3738 557 0
3741 584 0
3746 616 0
3750 653 0
3754 695 0
3757 740 0
3761 788 0
3764 842 0
3768 898 0
3770 961 0
3774 1021 0
3778 1077 0
3782 1126 0
3785 1172 0
3789 1212 0
3792 1243 0
3797 1264 0
3799 1276 0
3802 1282 0
3803 1282 0
3803 1281 0
3803 1276 0
3801 1268 0
3799 1259 0
3797 1253 0
3799 1240 0
3798 1232 0
3798 1226 0
3799 1220 11807
.PEN_UP
