.VERSION 1.0 0
.HIERARCHY CHARACTER
.COORD X Y T
.SEGMENT CHARACTER
.X_POINTS_PER_INCH 2500
.Y_POINTS_PER_INCH 2500
.POINTS_PER_SECOND 1200

.WRITER_ID 4
.AGE 26
.SEX MALE
.HAND RIGHT
.SKILL OK
.STYLE NORMAL
.COUNTRY  
.WRITER_INFO
 WriterName:DEEPU V
 WriterTrailNo:1
 WriterProfession:SOFTWARE
 WritingSetup:TABLETPC
 WritingFrequency:Everyday
 WritingInProfession:No
 WritingFile:dcpath
.PEN_DOWN
3675 564 2063
3675 561 0
3676 558 0
3672 562 0
3675 562 0
3670 570 0
3670 580 0
3666 595 0
3663 612 0
3656 641 0
3651 669 0
3644 704 0
3638 737 0
3630 771 0
3625 802 0
3620 829 0
3616 848 0
3613 866 0
3611 873 0
3610 877 0
3611 875 0
3614 871 0
3616 864 0
3620 857 0
3625 847 0
3630 838 0
3639 827 0
3648 817 0
3661 807 0
3674 798 0
3690 789 0
3709 784 0
3731 778 0
3752 776 0
3775 776 0
3799 782 0
3822 790 0
3844 802 0
3867 817 0
3888 834 0
3910 855 0
3930 876 0
3948 896 0
3965 919 0
3979 943 0
3990 965 0
3998 989 0
4002 1011 0
3998 1034 0
3989 1057 0
3976 1079 0
3961 1096 0
3942 1113 0
3919 1135 0
3895 1145 0
3871 1161 0
3847 1175 0
3821 1186 0
3796 1186 0
3770 1186 0
3742 1186 0
3717 1179 0
3693 1179 0
3660 1168 0
3628 1159 0
3601 1149 0
3577 1145 0
3558 1142 0
3540 1140 0
3527 1136 0
3515 1131 0
3515 1126 0
3515 1124 0
3529 1116 0
3543 1114 0
3559 1110 0
3574 1107 13239
.PEN_UP
.PEN_DOWN
3657 534 2063
3653 534 0
3648 537 0
3649 533 0
3647 537 0
3652 535 0
3657 539 0
3670 537 0
3682 539 0
3703 537 0
3727 538 0
3759 533 0
3794 530 0
3838 525 0
3883 519 0
3934 511 0
3988 504 0
4041 497 0
4093 491 0
4144 486 0
4190 482 0
4229 479 0
4265 477 0
4290 477 0
4309 474 0
4322 473 0
4332 473 0
4337 472 0
4337 469 0
4334 470 0
4328 469 0
4318 472 0
4317 469 0
4306 473 0
4293 477 0
4279 479 13769
.PEN_UP
